3.72700000000000e-07;1.75132275132275e+00
3.74175000000000e-07;1.85714285714286e+00
3.75650000000000e-07;1.93650793650794e+00
3.77125000000000e-07;1.98941798941799e+00
3.78600000000000e-07;2.02116402116402e+00
3.80075000000000e-07;1.96825396825397e+00
3.81550000000000e-07;2.01587301587302e+00
3.83025000000000e-07;2.12169312169312e+00
3.84500000000000e-07;2.22751322751323e+00
3.85975000000000e-07;2.26455026455027e+00
3.87450000000000e-07;2.24867724867725e+00
3.88925000000000e-07;2.19576719576720e+00
3.90400000000000e-07;2.21693121693122e+00
3.91875000000000e-07;2.34391534391535e+00
3.93350000000000e-07;2.30687830687831e+00
3.94825000000000e-07;2.12169312169312e+00
3.96300000000000e-07;1.89947089947090e+00
3.97775000000000e-07;1.69312169312169e+00
3.99250000000000e-07;1.54497354497355e+00
4.00725000000000e-07;1.60317460317460e+00
4.02200000000000e-07;1.63492063492064e+00
4.03675000000000e-07;1.69312169312169e+00
4.05150000000000e-07;1.74603174603175e+00
4.06625000000000e-07;1.76719576719577e+00
4.08100000000000e-07;1.91534391534392e+00
4.09575000000000e-07;2.05291005291005e+00
4.11050000000000e-07;2.13756613756614e+00
4.12525000000000e-07;2.14814814814815e+00
4.14000000000000e-07;2.06349206349207e+00
4.15475000000000e-07;1.95767195767196e+00
4.16950000000000e-07;2.00000000000000e+00
4.18425000000000e-07;2.04232804232804e+00
4.19900000000000e-07;1.97883597883598e+00
4.21375000000000e-07;1.85185185185185e+00
4.22850000000000e-07;1.69312169312169e+00
4.24325000000000e-07;1.58201058201058e+00
4.25800000000000e-07;1.55026455026455e+00
4.27275000000000e-07;1.57671957671958e+00
4.28750000000000e-07;1.67724867724868e+00
4.30225000000000e-07;1.86772486772487e+00
4.31700000000000e-07;2.08465608465609e+00
4.33175000000000e-07;2.27513227513228e+00
4.34650000000000e-07;2.33862433862434e+00
4.36125000000000e-07;2.25396825396826e+00
4.37600000000000e-07;2.13227513227513e+00
4.39075000000000e-07;2.03703703703704e+00
4.40550000000000e-07;1.98941798941799e+00
4.42025000000000e-07;1.97354497354497e+00
4.43500000000000e-07;1.97354497354497e+00
4.44975000000000e-07;2.01058201058201e+00
4.46450000000000e-07;1.98941798941799e+00
4.47925000000000e-07;2.00529100529101e+00
4.49400000000000e-07;2.04761904761905e+00
4.50875000000000e-07;2.06878306878307e+00
4.52350000000000e-07;2.06878306878307e+00
4.53825000000000e-07;2.03703703703704e+00
4.55300000000000e-07;2.00000000000000e+00
4.56775000000000e-07;2.03174603174603e+00
4.58250000000000e-07;2.08994708994709e+00
4.59725000000000e-07;2.19047619047619e+00
4.61200000000000e-07;2.30158730158730e+00
4.62675000000000e-07;2.35978835978836e+00
4.64150000000000e-07;2.40211640211640e+00
4.65625000000000e-07;2.51851851851852e+00
4.67100000000000e-07;2.73015873015873e+00
4.68575000000000e-07;3.11640211640212e+00
4.70050000000000e-07;3.45502645502646e+00
4.71525000000000e-07;3.79894179894180e+00
4.73000000000000e-07;4.16402116402117e+00
4.74475000000000e-07;4.40740740740741e+00
4.75950000000000e-07;4.64550264550265e+00
4.77425000000000e-07;4.95238095238096e+00
4.78900000000000e-07;5.54497354497355e+00
4.80375000000000e-07;6.54497354497355e+00
4.81850000000000e-07;8.02645502645503e+00
4.83325000000000e-07;9.91534391534392e+00
4.84800000000000e-07;1.24497354497355e+01
4.86275000000000e-07;1.47248677248677e+01
4.87750000000000e-07;1.77142857142857e+01
4.89225000000000e-07;2.10529100529101e+01
4.90700000000000e-07;2.50158730158730e+01
4.92175000000000e-07;3.02962962962963e+01
4.93650000000000e-07;3.76402116402117e+01
4.95125000000000e-07;4.46507936507937e+01
4.96600000000000e-07;5.37989417989418e+01
4.98075000000000e-07;6.42169312169313e+01
4.99550000000000e-07;7.69682539682540e+01
5.01025000000000e-07;9.20211640211641e+01
5.02500000000000e-07;1.07179894179894e+02
5.03975000000000e-07;1.19423280423281e+02
5.05450000000000e-07;1.29275132275132e+02
5.06925000000000e-07;1.36925925925926e+02
5.08400000000000e-07;1.43232804232804e+02
5.09875000000000e-07;1.48883597883598e+02
5.11350000000000e-07;1.52206349206349e+02
5.12825000000000e-07;1.53354497354497e+02
5.14300000000000e-07;1.51915343915344e+02
5.15775000000000e-07;1.49386243386244e+02
5.17250000000000e-07;1.45407407407408e+02
5.18725000000000e-07;1.40772486772487e+02
5.20200000000000e-07;1.34978835978836e+02
5.21675000000000e-07;1.28439153439154e+02
5.23150000000000e-07;1.20396825396825e+02
5.24625000000000e-07;1.11566137566138e+02
5.26100000000000e-07;1.05042328042328e+02
5.27575000000000e-07;1.00227513227513e+02
5.29050000000000e-07;9.65714285714286e+01
5.30525000000000e-07;9.30634920634921e+01
5.32000000000000e-07;8.81904761904763e+01
5.33475000000000e-07;8.22645502645503e+01
5.34950000000000e-07;7.66507936507937e+01
5.36425000000000e-07;7.03386243386244e+01
5.37900000000000e-07;6.34867724867725e+01
5.39375000000000e-07;5.60476190476191e+01
5.40850000000000e-07;4.91164021164022e+01
5.42325000000000e-07;4.34656084656085e+01
5.43800000000000e-07;3.88148148148149e+01
5.45275000000000e-07;3.49470899470900e+01
5.46750000000000e-07;3.10899470899471e+01
5.48225000000000e-07;2.67248677248677e+01
5.49700000000000e-07;2.28095238095238e+01
5.51175000000000e-07;1.94603174603175e+01
5.52650000000000e-07;1.71746031746032e+01
5.54125000000000e-07;1.54021164021164e+01
5.55600000000000e-07;1.37724867724868e+01
5.57075000000000e-07;1.19206349206349e+01
5.58550000000000e-07;1.02275132275132e+01
5.60025000000000e-07;8.68253968253969e+00
5.61500000000000e-07;7.44973544973546e+00
5.62975000000000e-07;6.47089947089948e+00
5.64450000000000e-07;5.82539682539683e+00
5.65925000000000e-07;5.26984126984127e+00
5.67400000000000e-07;4.83597883597884e+00
5.68875000000000e-07;4.50793650793651e+00
5.70350000000000e-07;4.19047619047619e+00
5.71825000000000e-07;3.88359788359789e+00
5.73300000000000e-07;3.60317460317461e+00
5.74775000000000e-07;3.34920634920635e+00
5.76250000000000e-07;3.29100529100529e+00
5.77725000000000e-07;3.30687830687831e+00
5.79200000000000e-07;3.23809523809524e+00
5.80675000000000e-07;3.16402116402117e+00
5.82150000000000e-07;3.04232804232804e+00
5.83625000000000e-07;3.02116402116402e+00
5.85100000000000e-07;2.80952380952381e+00
5.86575000000000e-07;2.49206349206349e+00
5.88050000000000e-07;2.10582010582011e+00
5.89525000000000e-07;1.73015873015873e+00
5.91000000000000e-07;1.52380952380952e+00
5.92475000000000e-07;1.52910052910053e+00
5.93950000000000e-07;1.40740740740741e+00
5.95425000000000e-07;1.60317460317460e+00
5.96900000000000e-07;1.79894179894180e+00
5.98375000000000e-07;1.96296296296296e+00
5.99850000000000e-07;2.16402116402117e+00
6.01325000000000e-07;2.23280423280423e+00
6.02800000000000e-07;2.16402116402117e+00
6.04275000000000e-07;2.23809523809524e+00
6.05750000000000e-07;2.22222222222222e+00
6.07225000000000e-07;2.14814814814815e+00
6.08700000000000e-07;2.07407407407408e+00
6.10175000000000e-07;2.01058201058201e+00
6.11650000000000e-07;1.97883597883598e+00
6.13125000000000e-07;2.00000000000000e+00
6.14600000000000e-07;2.00000000000000e+00
6.16075000000000e-07;1.98941798941799e+00
6.17550000000000e-07;2.00529100529101e+00
6.19025000000000e-07;2.03703703703704e+00
6.20500000000000e-07;2.08465608465609e+00
6.21975000000000e-07;2.10052910052910e+00
6.23450000000000e-07;2.07407407407408e+00
6.24925000000000e-07;2.04232804232804e+00
6.26400000000000e-07;2.04232804232804e+00
6.27875000000000e-07;2.06349206349207e+00
6.29350000000000e-07;2.10582010582011e+00
6.30825000000000e-07;2.12169312169312e+00
6.32300000000000e-07;2.11111111111111e+00
6.33775000000000e-07;2.11111111111111e+00
6.35250000000000e-07;2.12169312169312e+00
6.36725000000000e-07;2.10582010582011e+00
6.38200000000000e-07;2.07407407407408e+00
6.39675000000000e-07;2.05820105820106e+00
6.41150000000000e-07;1.99470899470900e+00
6.42625000000000e-07;1.89417989417990e+00
6.44100000000000e-07;1.86243386243386e+00
6.45575000000000e-07;1.86243386243386e+00
6.47050000000000e-07;1.90476190476191e+00
6.48525000000000e-07;1.98941798941799e+00
6.50000000000000e-07;2.02116402116402e+00
6.51475000000000e-07;2.00000000000000e+00
6.52950000000000e-07;2.00000000000000e+00
6.54425000000000e-07;2.00000000000000e+00
6.55900000000000e-07;2.00000000000000e+00
6.57375000000000e-07;2.00000000000000e+00
6.58850000000000e-07;2.00000000000000e+00
6.60325000000000e-07;2.00000000000000e+00
6.61800000000000e-07;2.00000000000000e+00
6.63275000000000e-07;2.01058201058201e+00
6.64750000000000e-07;1.99470899470900e+00
6.66225000000000e-07;1.96296296296296e+00
6.67700000000000e-07;1.92592592592593e+00
6.69175000000000e-07;1.89417989417990e+00
6.70650000000000e-07;1.87830687830688e+00
6.72125000000000e-07;1.91005291005291e+00
6.73600000000000e-07;1.86772486772487e+00
6.75075000000000e-07;1.82010582010582e+00
6.76550000000000e-07;1.77777777777778e+00
6.78025000000000e-07;1.76190476190476e+00
6.79500000000000e-07;1.76190476190476e+00
6.80975000000000e-07;1.77777777777778e+00
