3.72700000000000e-07;1.00000000000000e+00
3.74175000000000e-07;1.00000000000000e+00
3.75650000000000e-07;1.00000000000000e+00
3.77125000000000e-07;1.00000000000000e+00
3.78600000000000e-07;1.00000000000000e+00
3.80075000000000e-07;1.00000000000000e+00
3.81550000000000e-07;1.00000000000000e+00
3.83025000000000e-07;9.76190476190477e-01
3.84500000000000e-07;1.01190476190476e+00
3.85975000000000e-07;1.13095238095238e+00
3.87450000000000e-07;1.14285714285714e+00
3.88925000000000e-07;1.09523809523810e+00
3.90400000000000e-07;9.28571428571429e-01
3.91875000000000e-07;6.66666666666667e-01
3.93350000000000e-07;5.47619047619048e-01
3.94825000000000e-07;5.71428571428572e-01
3.96300000000000e-07;6.54761904761905e-01
3.97775000000000e-07;8.21428571428572e-01
3.99250000000000e-07;9.40476190476191e-01
4.00725000000000e-07;9.88095238095239e-01
4.02200000000000e-07;1.02380952380952e+00
4.03675000000000e-07;9.76190476190477e-01
4.05150000000000e-07;1.01190476190476e+00
4.06625000000000e-07;1.13095238095238e+00
4.08100000000000e-07;1.11904761904762e+00
4.09575000000000e-07;1.05952380952381e+00
4.11050000000000e-07;1.03571428571429e+00
4.12525000000000e-07;1.02380952380952e+00
4.14000000000000e-07;1.13095238095238e+00
4.15475000000000e-07;1.22619047619048e+00
4.16950000000000e-07;1.20238095238095e+00
4.18425000000000e-07;1.14285714285714e+00
4.19900000000000e-07;1.19047619047619e+00
4.21375000000000e-07;1.29761904761905e+00
4.22850000000000e-07;1.44047619047619e+00
4.24325000000000e-07;1.48809523809524e+00
4.25800000000000e-07;1.52380952380953e+00
4.27275000000000e-07;1.57142857142857e+00
4.28750000000000e-07;1.48809523809524e+00
4.30225000000000e-07;1.23809523809524e+00
4.31700000000000e-07;9.16666666666667e-01
4.33175000000000e-07;6.19047619047619e-01
4.34650000000000e-07;4.40476190476191e-01
4.36125000000000e-07;4.52380952380953e-01
4.37600000000000e-07;4.88095238095238e-01
4.39075000000000e-07;5.47619047619048e-01
4.40550000000000e-07;7.73809523809524e-01
4.42025000000000e-07;1.04761904761905e+00
4.43500000000000e-07;1.35714285714286e+00
4.44975000000000e-07;1.60714285714286e+00
4.46450000000000e-07;1.67857142857143e+00
4.47925000000000e-07;1.66666666666667e+00
4.49400000000000e-07;1.71428571428572e+00
4.50875000000000e-07;1.66666666666667e+00
4.52350000000000e-07;1.63095238095238e+00
4.53825000000000e-07;1.60714285714286e+00
4.55300000000000e-07;1.51190476190476e+00
4.56775000000000e-07;1.50000000000000e+00
4.58250000000000e-07;1.48809523809524e+00
4.59725000000000e-07;1.41666666666667e+00
4.61200000000000e-07;1.33333333333333e+00
4.62675000000000e-07;1.23809523809524e+00
4.64150000000000e-07;1.26190476190476e+00
4.65625000000000e-07;1.32142857142857e+00
4.67100000000000e-07;1.28571428571429e+00
4.68575000000000e-07;1.36904761904762e+00
4.70050000000000e-07;1.44047619047619e+00
4.71525000000000e-07;1.47619047619048e+00
4.73000000000000e-07;1.58333333333333e+00
4.74475000000000e-07;1.52380952380953e+00
4.75950000000000e-07;1.40476190476191e+00
4.77425000000000e-07;1.44047619047619e+00
4.78900000000000e-07;1.36904761904762e+00
4.80375000000000e-07;1.40476190476191e+00
4.81850000000000e-07;1.50000000000000e+00
4.83325000000000e-07;1.58333333333333e+00
4.84800000000000e-07;1.75000000000000e+00
4.86275000000000e-07;2.11904761904762e+00
4.87750000000000e-07;2.32142857142857e+00
4.89225000000000e-07;2.41666666666667e+00
4.90700000000000e-07;2.30952380952381e+00
4.92175000000000e-07;2.16666666666667e+00
4.93650000000000e-07;2.04761904761905e+00
4.95125000000000e-07;2.16666666666667e+00
4.96600000000000e-07;2.22619047619048e+00
4.98075000000000e-07;2.19047619047619e+00
4.99550000000000e-07;2.08333333333333e+00
5.01025000000000e-07;2.01190476190476e+00
5.02500000000000e-07;1.97619047619048e+00
5.03975000000000e-07;2.00000000000000e+00
5.05450000000000e-07;2.00000000000000e+00
5.06925000000000e-07;2.00000000000000e+00
5.08400000000000e-07;2.00000000000000e+00
5.09875000000000e-07;2.00000000000000e+00
5.11350000000000e-07;2.00000000000000e+00
5.12825000000000e-07;2.00000000000000e+00
5.14300000000000e-07;2.00000000000000e+00
5.15775000000000e-07;2.00000000000000e+00
5.17250000000000e-07;2.00000000000000e+00
5.18725000000000e-07;2.00000000000000e+00
5.20200000000000e-07;2.00000000000000e+00
5.21675000000000e-07;2.00000000000000e+00
5.23150000000000e-07;1.97619047619048e+00
5.24625000000000e-07;2.03571428571429e+00
5.26100000000000e-07;2.07142857142857e+00
5.27575000000000e-07;2.08333333333333e+00
5.29050000000000e-07;2.07142857142857e+00
5.30525000000000e-07;2.03571428571429e+00
5.32000000000000e-07;1.97619047619048e+00
5.33475000000000e-07;1.97619047619048e+00
5.34950000000000e-07;2.03571428571429e+00
5.36425000000000e-07;2.07142857142857e+00
5.37900000000000e-07;2.05952380952381e+00
5.39375000000000e-07;2.01190476190476e+00
5.40850000000000e-07;2.20238095238095e+00
5.42325000000000e-07;2.36904761904762e+00
5.43800000000000e-07;2.50000000000000e+00
5.45275000000000e-07;2.64285714285715e+00
5.46750000000000e-07;2.82142857142857e+00
5.48225000000000e-07;3.14285714285715e+00
5.49700000000000e-07;3.71428571428572e+00
5.51175000000000e-07;4.10714285714286e+00
5.52650000000000e-07;4.28571428571429e+00
5.54125000000000e-07;4.38095238095238e+00
5.55600000000000e-07;4.41666666666667e+00
5.57075000000000e-07;4.44047619047619e+00
5.58550000000000e-07;4.54761904761905e+00
5.60025000000000e-07;4.57142857142857e+00
5.61500000000000e-07;4.85714285714286e+00
5.62975000000000e-07;5.27380952380953e+00
5.64450000000000e-07;5.82142857142857e+00
5.65925000000000e-07;6.23809523809524e+00
5.67400000000000e-07;6.66666666666667e+00
5.68875000000000e-07;6.61904761904762e+00
5.70350000000000e-07;7.17857142857143e+00
5.71825000000000e-07;8.09523809523810e+00
5.73300000000000e-07;9.94047619047620e+00
5.74775000000000e-07;1.28095238095238e+01
5.76250000000000e-07;1.77023809523810e+01
5.77725000000000e-07;2.55476190476191e+01
5.79200000000000e-07;3.73095238095238e+01
5.80675000000000e-07;5.20119047619048e+01
5.82150000000000e-07;6.84047619047620e+01
5.83625000000000e-07;8.39761904761905e+01
5.85100000000000e-07;1.04940476190476e+02
5.86575000000000e-07;1.30857142857143e+02
5.88050000000000e-07;1.57511904761905e+02
5.89525000000000e-07;1.84107142857143e+02
5.91000000000000e-07;2.05642857142857e+02
5.92475000000000e-07;2.21238095238095e+02
5.93950000000000e-07;2.33678571428572e+02
5.95425000000000e-07;2.42988095238095e+02
5.96900000000000e-07;2.45428571428572e+02
5.98375000000000e-07;2.44904761904762e+02
5.99850000000000e-07;2.42809523809524e+02
6.01325000000000e-07;2.43011904761905e+02
6.02800000000000e-07;2.43666666666667e+02
6.04275000000000e-07;2.45023809523810e+02
6.05750000000000e-07;2.46035714285715e+02
6.07225000000000e-07;2.47380952380953e+02
6.08700000000000e-07;2.48988095238095e+02
6.10175000000000e-07;2.51619047619048e+02
6.11650000000000e-07;2.53726190476191e+02
6.13125000000000e-07;2.53857142857143e+02
6.14600000000000e-07;2.54392857142857e+02
6.16075000000000e-07;2.54250000000000e+02
6.17550000000000e-07;2.54071428571429e+02
6.19025000000000e-07;2.53880952380953e+02
6.20500000000000e-07;2.53773809523810e+02
6.21975000000000e-07;2.54321428571429e+02
6.23450000000000e-07;2.55190476190476e+02
6.24925000000000e-07;2.50607142857143e+02
6.26400000000000e-07;2.41785714285714e+02
6.27875000000000e-07;2.37083333333334e+02
6.29350000000000e-07;2.38285714285714e+02
6.30825000000000e-07;2.44238095238095e+02
6.32300000000000e-07;2.47916666666667e+02
6.33775000000000e-07;2.39404761904762e+02
6.35250000000000e-07;2.17107142857143e+02
6.36725000000000e-07;1.88369047619048e+02
6.38200000000000e-07;1.59321428571429e+02
6.39675000000000e-07;1.32345238095238e+02
6.41150000000000e-07;1.07916666666667e+02
6.42625000000000e-07;8.56071428571429e+01
6.44100000000000e-07;6.75833333333334e+01
6.45575000000000e-07;5.23809523809524e+01
6.47050000000000e-07;4.29047619047619e+01
6.48525000000000e-07;3.56190476190476e+01
6.50000000000000e-07;2.97500000000000e+01
6.51475000000000e-07;2.29761904761905e+01
6.52950000000000e-07;1.76071428571429e+01
6.54425000000000e-07;1.31785714285714e+01
6.55900000000000e-07;1.04761904761905e+01
6.57375000000000e-07;8.66666666666667e+00
6.58850000000000e-07;7.97619047619048e+00
6.60325000000000e-07;7.34523809523810e+00
6.61800000000000e-07;6.72619047619048e+00
6.63275000000000e-07;6.09523809523810e+00
6.64750000000000e-07;5.53571428571429e+00
6.66225000000000e-07;4.83333333333334e+00
6.67700000000000e-07;4.33333333333334e+00
6.69175000000000e-07;3.98809523809524e+00
6.70650000000000e-07;3.77380952380953e+00
6.72125000000000e-07;3.59523809523810e+00
6.73600000000000e-07;3.20238095238096e+00
6.75075000000000e-07;2.77380952380953e+00
6.76550000000000e-07;2.50000000000000e+00
6.78025000000000e-07;2.28571428571429e+00
6.79500000000000e-07;2.16071428571429e+00
6.80975000000000e-07;2.12500000000000e+00
