3.72700000000000e-07;3.24074074074074e+00
3.74175000000000e-07;3.26984126984127e+00
3.75650000000000e-07;3.29365079365079e+00
3.77125000000000e-07;3.31216931216932e+00
3.78600000000000e-07;3.31746031746032e+00
3.80075000000000e-07;3.32275132275133e+00
3.81550000000000e-07;3.30158730158730e+00
3.83025000000000e-07;3.42857142857143e+00
3.84500000000000e-07;3.64021164021164e+00
3.85975000000000e-07;3.79365079365080e+00
3.87450000000000e-07;3.92063492063492e+00
3.88925000000000e-07;4.11640211640212e+00
3.90400000000000e-07;4.48148148148148e+00
3.91875000000000e-07;4.77777777777778e+00
3.93350000000000e-07;5.04232804232805e+00
3.94825000000000e-07;5.15873015873016e+00
3.96300000000000e-07;5.33333333333334e+00
3.97775000000000e-07;5.69841269841270e+00
3.99250000000000e-07;6.08465608465609e+00
4.00725000000000e-07;6.18518518518519e+00
4.02200000000000e-07;6.13756613756614e+00
4.03675000000000e-07;5.98941798941799e+00
4.05150000000000e-07;6.43915343915344e+00
4.06625000000000e-07;7.39682539682540e+00
4.08100000000000e-07;8.13756613756614e+00
4.09575000000000e-07;8.28571428571429e+00
4.11050000000000e-07;8.49735449735450e+00
4.12525000000000e-07;9.05820105820107e+00
4.14000000000000e-07;1.12539682539683e+01
4.15475000000000e-07;1.50423280423281e+01
4.16950000000000e-07;2.09576719576720e+01
4.18425000000000e-07;2.89259259259259e+01
4.19900000000000e-07;3.95132275132275e+01
4.21375000000000e-07;5.40793650793651e+01
4.22850000000000e-07;7.23015873015874e+01
4.24325000000000e-07;9.37407407407408e+01
4.25800000000000e-07;1.15809523809524e+02
4.27275000000000e-07;1.39137566137566e+02
4.28750000000000e-07;1.63497354497355e+02
4.30225000000000e-07;1.92518518518519e+02
4.31700000000000e-07;2.19100529100529e+02
4.33175000000000e-07;2.40354497354498e+02
4.34650000000000e-07;2.51761904761905e+02
4.36125000000000e-07;2.55529100529101e+02
4.37600000000000e-07;2.54772486772487e+02
4.39075000000000e-07;2.55423280423281e+02
4.40550000000000e-07;2.55063492063492e+02
4.42025000000000e-07;2.55000000000000e+02
4.43500000000000e-07;2.55000000000000e+02
4.44975000000000e-07;2.55000000000000e+02
4.46450000000000e-07;2.55000000000000e+02
4.47925000000000e-07;2.55000000000000e+02
4.49400000000000e-07;2.55000000000000e+02
4.50875000000000e-07;2.55000000000000e+02
4.52350000000000e-07;2.55000000000000e+02
4.53825000000000e-07;2.55074074074074e+02
4.55300000000000e-07;2.55100529100529e+02
4.56775000000000e-07;2.54788359788360e+02
4.58250000000000e-07;2.54089947089947e+02
4.59725000000000e-07;2.52867724867725e+02
4.61200000000000e-07;2.51412698412699e+02
4.62675000000000e-07;2.50074074074074e+02
4.64150000000000e-07;2.49814814814815e+02
4.65625000000000e-07;2.49576719576720e+02
4.67100000000000e-07;2.50259259259259e+02
4.68575000000000e-07;2.51767195767196e+02
4.70050000000000e-07;2.52423280423281e+02
4.71525000000000e-07;2.52460317460318e+02
4.73000000000000e-07;2.51497354497355e+02
4.74475000000000e-07;2.48804232804233e+02
4.75950000000000e-07;2.42095238095238e+02
4.77425000000000e-07;2.31190476190476e+02
4.78900000000000e-07;2.16465608465609e+02
4.80375000000000e-07;1.99788359788360e+02
4.81850000000000e-07;1.82507936507937e+02
4.83325000000000e-07;1.65322751322751e+02
4.84800000000000e-07;1.47343915343915e+02
4.86275000000000e-07;1.28497354497355e+02
4.87750000000000e-07;1.11105820105820e+02
4.89225000000000e-07;9.48253968253969e+01
4.90700000000000e-07;8.10317460317461e+01
4.92175000000000e-07;6.75714285714286e+01
4.93650000000000e-07;5.63862433862434e+01
4.95125000000000e-07;4.54550264550265e+01
4.96600000000000e-07;3.58148148148148e+01
4.98075000000000e-07;2.70634920634921e+01
4.99550000000000e-07;2.06878306878307e+01
5.01025000000000e-07;1.55767195767196e+01
5.02500000000000e-07;1.29788359788360e+01
5.03975000000000e-07;1.13703703703704e+01
5.05450000000000e-07;1.03862433862434e+01
5.06925000000000e-07;9.32275132275133e+00
5.08400000000000e-07;8.30158730158731e+00
5.09875000000000e-07;7.41269841269842e+00
5.11350000000000e-07;6.67724867724868e+00
5.12825000000000e-07;6.00529100529101e+00
5.14300000000000e-07;5.44973544973545e+00
5.15775000000000e-07;4.86772486772487e+00
5.17250000000000e-07;4.44973544973545e+00
5.18725000000000e-07;4.42328042328043e+00
5.20200000000000e-07;4.30687830687831e+00
5.21675000000000e-07;4.32804232804233e+00
5.23150000000000e-07;4.25396825396826e+00
5.24625000000000e-07;4.05291005291006e+00
5.26100000000000e-07;3.76719576719577e+00
5.27575000000000e-07;3.45502645502646e+00
5.29050000000000e-07;3.23280423280424e+00
5.30525000000000e-07;3.16931216931217e+00
5.32000000000000e-07;3.11111111111111e+00
5.33475000000000e-07;3.14285714285715e+00
5.34950000000000e-07;3.21164021164021e+00
5.36425000000000e-07;3.26455026455027e+00
5.37900000000000e-07;3.28571428571429e+00
5.39375000000000e-07;3.21164021164021e+00
5.40850000000000e-07;3.01587301587302e+00
5.42325000000000e-07;2.89947089947090e+00
5.43800000000000e-07;2.93650793650794e+00
5.45275000000000e-07;2.92063492063492e+00
5.46750000000000e-07;2.75132275132275e+00
5.48225000000000e-07;2.46031746031746e+00
5.49700000000000e-07;2.10582010582011e+00
5.51175000000000e-07;1.87830687830688e+00
5.52650000000000e-07;1.86243386243386e+00
5.54125000000000e-07;1.87830687830688e+00
5.55600000000000e-07;1.89947089947090e+00
5.57075000000000e-07;1.89417989417990e+00
5.58550000000000e-07;1.86772486772487e+00
5.60025000000000e-07;1.78835978835979e+00
5.61500000000000e-07;1.62433862433863e+00
5.62975000000000e-07;1.43915343915344e+00
5.64450000000000e-07;1.29629629629630e+00
5.65925000000000e-07;1.21164021164021e+00
5.67400000000000e-07;1.20105820105820e+00
5.68875000000000e-07;1.19047619047619e+00
5.70350000000000e-07;1.20634920634921e+00
5.71825000000000e-07;1.34920634920635e+00
5.73300000000000e-07;1.55555555555556e+00
5.74775000000000e-07;1.76190476190476e+00
5.76250000000000e-07;1.92592592592593e+00
5.77725000000000e-07;1.93121693121693e+00
5.79200000000000e-07;1.80423280423281e+00
5.80675000000000e-07;1.66666666666667e+00
5.82150000000000e-07;1.53968253968254e+00
5.83625000000000e-07;1.42857142857143e+00
5.85100000000000e-07;1.39682539682540e+00
5.86575000000000e-07;1.36507936507937e+00
5.88050000000000e-07;1.30158730158730e+00
5.89525000000000e-07;1.24867724867725e+00
5.91000000000000e-07;1.22751322751323e+00
5.92475000000000e-07;1.14814814814815e+00
5.93950000000000e-07;1.23280423280423e+00
5.95425000000000e-07;1.47619047619048e+00
5.96900000000000e-07;1.73015873015873e+00
5.98375000000000e-07;1.93121693121693e+00
5.99850000000000e-07;2.01587301587302e+00
6.01325000000000e-07;1.94179894179894e+00
6.02800000000000e-07;1.88888888888889e+00
6.04275000000000e-07;1.80952380952381e+00
6.05750000000000e-07;1.62433862433863e+00
6.07225000000000e-07;1.41798941798942e+00
6.08700000000000e-07;1.25396825396825e+00
6.10175000000000e-07;1.19576719576720e+00
6.11650000000000e-07;1.21164021164021e+00
6.13125000000000e-07;1.23280423280423e+00
6.14600000000000e-07;1.21693121693122e+00
6.16075000000000e-07;1.19576719576720e+00
6.17550000000000e-07;1.14285714285714e+00
6.19025000000000e-07;1.07936507936508e+00
6.20500000000000e-07;1.02645502645503e+00
6.21975000000000e-07;1.00529100529101e+00
6.23450000000000e-07;9.89417989417990e-01
6.24925000000000e-07;1.00000000000000e+00
6.26400000000000e-07;1.00000000000000e+00
6.27875000000000e-07;1.00000000000000e+00
6.29350000000000e-07;1.00000000000000e+00
6.30825000000000e-07;1.00000000000000e+00
6.32300000000000e-07;1.00000000000000e+00
6.33775000000000e-07;1.00000000000000e+00
6.35250000000000e-07;1.00000000000000e+00
6.36725000000000e-07;1.00000000000000e+00
6.38200000000000e-07;1.00000000000000e+00
6.39675000000000e-07;1.00000000000000e+00
6.41150000000000e-07;1.00000000000000e+00
6.42625000000000e-07;1.00000000000000e+00
6.44100000000000e-07;1.00000000000000e+00
6.45575000000000e-07;1.00000000000000e+00
6.47050000000000e-07;1.00000000000000e+00
6.48525000000000e-07;1.00000000000000e+00
6.50000000000000e-07;1.00000000000000e+00
6.51475000000000e-07;1.00000000000000e+00
6.52950000000000e-07;1.00000000000000e+00
6.54425000000000e-07;1.00000000000000e+00
6.55900000000000e-07;1.00000000000000e+00
6.57375000000000e-07;1.00000000000000e+00
6.58850000000000e-07;1.00000000000000e+00
6.60325000000000e-07;1.00000000000000e+00
6.61800000000000e-07;1.00000000000000e+00
6.63275000000000e-07;1.00000000000000e+00
6.64750000000000e-07;1.00000000000000e+00
6.66225000000000e-07;1.00000000000000e+00
6.67700000000000e-07;1.00000000000000e+00
6.69175000000000e-07;1.00000000000000e+00
6.70650000000000e-07;1.00000000000000e+00
6.72125000000000e-07;1.00000000000000e+00
6.73600000000000e-07;1.00000000000000e+00
6.75075000000000e-07;1.00000000000000e+00
6.76550000000000e-07;1.00000000000000e+00
6.78025000000000e-07;1.00000000000000e+00
6.79500000000000e-07;1.00000000000000e+00
6.80975000000000e-07;1.00000000000000e+00
