3.72700000000000e-07;4.58730158730159e+00
3.74175000000000e-07;4.80158730158730e+00
3.75650000000000e-07;4.94444444444444e+00
3.77125000000000e-07;5.01587301587302e+00
3.78600000000000e-07;4.92592592592593e+00
3.80075000000000e-07;4.88359788359789e+00
3.81550000000000e-07;4.88359788359789e+00
3.83025000000000e-07;4.92592592592593e+00
3.84500000000000e-07;5.00529100529101e+00
3.85975000000000e-07;4.97354497354498e+00
3.87450000000000e-07;4.84126984126985e+00
3.88925000000000e-07;4.66137566137566e+00
3.90400000000000e-07;4.64550264550265e+00
3.91875000000000e-07;4.80952380952381e+00
3.93350000000000e-07;5.22222222222223e+00
3.94825000000000e-07;5.74074074074074e+00
3.96300000000000e-07;6.20634920634921e+00
3.97775000000000e-07;6.75661375661376e+00
3.99250000000000e-07;7.11640211640212e+00
4.00725000000000e-07;7.27513227513228e+00
4.02200000000000e-07;7.36507936507937e+00
4.03675000000000e-07;7.52380952380953e+00
4.05150000000000e-07;7.79894179894181e+00
4.06625000000000e-07;8.55555555555556e+00
4.08100000000000e-07;9.17460317460318e+00
4.09575000000000e-07;9.64021164021165e+00
4.11050000000000e-07;1.06560846560847e+01
4.12525000000000e-07;1.25661375661376e+01
4.14000000000000e-07;1.60529100529101e+01
4.15475000000000e-07;2.10211640211640e+01
4.16950000000000e-07;2.79100529100529e+01
4.18425000000000e-07;3.70423280423281e+01
4.19900000000000e-07;4.89365079365080e+01
4.21375000000000e-07;6.55079365079366e+01
4.22850000000000e-07;8.58359788359789e+01
4.24325000000000e-07;1.09650793650794e+02
4.25800000000000e-07;1.33830687830688e+02
4.27275000000000e-07;1.59386243386244e+02
4.28750000000000e-07;1.85746031746032e+02
4.30225000000000e-07;2.13306878306878e+02
4.31700000000000e-07;2.35634920634921e+02
4.33175000000000e-07;2.50825396825397e+02
4.34650000000000e-07;2.56201058201058e+02
4.36125000000000e-07;2.56333333333334e+02
4.37600000000000e-07;2.54941798941799e+02
4.39075000000000e-07;2.55037037037037e+02
4.40550000000000e-07;2.55010582010582e+02
4.42025000000000e-07;2.55000000000000e+02
4.43500000000000e-07;2.55000000000000e+02
4.44975000000000e-07;2.55000000000000e+02
4.46450000000000e-07;2.55000000000000e+02
4.47925000000000e-07;2.55000000000000e+02
4.49400000000000e-07;2.55000000000000e+02
4.50875000000000e-07;2.55000000000000e+02
4.52350000000000e-07;2.55000000000000e+02
4.53825000000000e-07;2.55021164021164e+02
4.55300000000000e-07;2.55105820105820e+02
4.56775000000000e-07;2.54910052910053e+02
4.58250000000000e-07;2.54476190476191e+02
4.59725000000000e-07;2.53947089947090e+02
4.61200000000000e-07;2.53142857142857e+02
4.62675000000000e-07;2.52211640211640e+02
4.64150000000000e-07;2.51095238095238e+02
4.65625000000000e-07;2.49613756613757e+02
4.67100000000000e-07;2.48603174603175e+02
4.68575000000000e-07;2.48793650793651e+02
4.70050000000000e-07;2.49793650793651e+02
4.71525000000000e-07;2.52079365079365e+02
4.73000000000000e-07;2.53449735449736e+02
4.74475000000000e-07;2.52947089947090e+02
4.75950000000000e-07;2.48624338624339e+02
4.77425000000000e-07;2.41555555555556e+02
4.78900000000000e-07;2.31047619047619e+02
4.80375000000000e-07;2.18518518518519e+02
4.81850000000000e-07;2.03703703703704e+02
4.83325000000000e-07;1.86502645502646e+02
4.84800000000000e-07;1.67507936507937e+02
4.86275000000000e-07;1.47904761904762e+02
4.87750000000000e-07;1.28650793650794e+02
4.89225000000000e-07;1.10328042328042e+02
4.90700000000000e-07;9.45291005291006e+01
4.92175000000000e-07;7.92698412698413e+01
4.93650000000000e-07;6.65238095238096e+01
4.95125000000000e-07;5.45396825396826e+01
4.96600000000000e-07;4.42486772486773e+01
4.98075000000000e-07;3.48835978835979e+01
4.99550000000000e-07;2.76772486772487e+01
5.01025000000000e-07;2.10687830687831e+01
5.02500000000000e-07;1.67248677248677e+01
5.03975000000000e-07;1.39470899470900e+01
5.05450000000000e-07;1.24285714285714e+01
5.06925000000000e-07;1.13650793650794e+01
5.08400000000000e-07;1.05608465608466e+01
5.09875000000000e-07;9.33862433862434e+00
5.11350000000000e-07;8.15873015873017e+00
5.12825000000000e-07;7.09523809523810e+00
5.14300000000000e-07;6.22751322751323e+00
5.15775000000000e-07;5.61375661375662e+00
5.17250000000000e-07;5.39153439153440e+00
5.18725000000000e-07;5.51851851851852e+00
5.20200000000000e-07;5.69841269841270e+00
5.21675000000000e-07;5.80952380952381e+00
5.23150000000000e-07;5.70370370370371e+00
5.24625000000000e-07;5.39153439153440e+00
5.26100000000000e-07;5.00000000000000e+00
5.27575000000000e-07;4.67724867724868e+00
5.29050000000000e-07;4.37566137566138e+00
5.30525000000000e-07;4.12698412698413e+00
5.32000000000000e-07;3.88359788359789e+00
5.33475000000000e-07;3.76190476190476e+00
5.34950000000000e-07;3.64550264550265e+00
5.36425000000000e-07;3.49206349206349e+00
5.37900000000000e-07;3.34391534391535e+00
5.39375000000000e-07;3.16402116402117e+00
5.40850000000000e-07;3.02645502645503e+00
5.42325000000000e-07;3.03174603174603e+00
5.43800000000000e-07;3.06349206349207e+00
5.45275000000000e-07;3.08465608465609e+00
5.46750000000000e-07;3.02645502645503e+00
5.48225000000000e-07;2.86772486772487e+00
5.49700000000000e-07;2.65608465608466e+00
5.51175000000000e-07;2.46031746031746e+00
5.52650000000000e-07;2.27513227513228e+00
5.54125000000000e-07;2.07936507936508e+00
5.55600000000000e-07;1.80423280423281e+00
5.57075000000000e-07;1.49735449735450e+00
5.58550000000000e-07;1.42328042328042e+00
5.60025000000000e-07;1.51322751322751e+00
5.61500000000000e-07;1.64021164021164e+00
5.62975000000000e-07;1.75132275132275e+00
5.64450000000000e-07;1.76190476190476e+00
5.65925000000000e-07;1.66137566137566e+00
5.67400000000000e-07;1.65608465608466e+00
5.68875000000000e-07;1.62433862433863e+00
5.70350000000000e-07;1.64550264550265e+00
5.71825000000000e-07;1.84656084656085e+00
5.73300000000000e-07;2.11640211640212e+00
5.74775000000000e-07;2.33333333333334e+00
5.76250000000000e-07;2.48148148148148e+00
5.77725000000000e-07;2.47089947089947e+00
5.79200000000000e-07;2.35449735449736e+00
5.80675000000000e-07;2.28042328042328e+00
5.82150000000000e-07;2.22222222222222e+00
5.83625000000000e-07;2.12169312169312e+00
5.85100000000000e-07;2.01587301587302e+00
5.86575000000000e-07;1.87301587301587e+00
5.88050000000000e-07;1.71957671957672e+00
5.89525000000000e-07;1.61904761904762e+00
5.91000000000000e-07;1.61375661375662e+00
5.92475000000000e-07;1.60846560846561e+00
5.93950000000000e-07;1.67724867724868e+00
5.95425000000000e-07;1.82539682539683e+00
5.96900000000000e-07;2.03703703703704e+00
5.98375000000000e-07;2.23809523809524e+00
5.99850000000000e-07;2.36507936507937e+00
6.01325000000000e-07;2.35449735449736e+00
6.02800000000000e-07;2.33333333333334e+00
6.04275000000000e-07;2.33333333333334e+00
6.05750000000000e-07;2.33333333333334e+00
6.07225000000000e-07;2.36507936507937e+00
6.08700000000000e-07;2.34920634920635e+00
6.10175000000000e-07;2.20634920634921e+00
6.11650000000000e-07;2.00000000000000e+00
6.13125000000000e-07;1.79365079365079e+00
6.14600000000000e-07;1.67195767195767e+00
6.16075000000000e-07;1.63492063492064e+00
6.17550000000000e-07;1.57671957671958e+00
6.19025000000000e-07;1.49735449735450e+00
6.20500000000000e-07;1.41269841269841e+00
6.21975000000000e-07;1.35449735449736e+00
6.23450000000000e-07;1.36507936507937e+00
6.24925000000000e-07;1.36507936507937e+00
6.26400000000000e-07;1.27513227513228e+00
6.27875000000000e-07;1.18518518518519e+00
6.29350000000000e-07;1.07936507936508e+00
6.30825000000000e-07;9.89417989417990e-01
6.32300000000000e-07;9.73544973544974e-01
6.33775000000000e-07;1.05291005291005e+00
6.35250000000000e-07;1.10582010582011e+00
6.36725000000000e-07;1.14285714285714e+00
6.38200000000000e-07;1.15343915343915e+00
6.39675000000000e-07;1.13756613756614e+00
6.41150000000000e-07;1.09523809523810e+00
6.42625000000000e-07;1.07407407407407e+00
6.44100000000000e-07;1.03703703703704e+00
6.45575000000000e-07;1.00529100529101e+00
6.47050000000000e-07;9.89417989417990e-01
6.48525000000000e-07;1.00000000000000e+00
6.50000000000000e-07;1.00000000000000e+00
6.51475000000000e-07;1.00000000000000e+00
6.52950000000000e-07;1.00000000000000e+00
6.54425000000000e-07;9.89417989417990e-01
6.55900000000000e-07;9.94708994708995e-01
6.57375000000000e-07;1.04232804232804e+00
6.58850000000000e-07;1.11111111111111e+00
6.60325000000000e-07;1.17989417989418e+00
6.61800000000000e-07;1.23809523809524e+00
6.63275000000000e-07;1.23809523809524e+00
6.64750000000000e-07;1.17989417989418e+00
6.66225000000000e-07;1.11111111111111e+00
6.67700000000000e-07;1.04232804232804e+00
6.69175000000000e-07;9.94708994708995e-01
6.70650000000000e-07;9.89417989417990e-01
6.72125000000000e-07;1.00000000000000e+00
6.73600000000000e-07;1.00000000000000e+00
6.75075000000000e-07;1.00000000000000e+00
6.76550000000000e-07;1.00000000000000e+00
6.78025000000000e-07;1.00000000000000e+00
6.79500000000000e-07;1.00000000000000e+00
6.80975000000000e-07;1.00000000000000e+00
