3.72700000000000e-07;4.76455026455026e+00
3.74175000000000e-07;4.78571428571429e+00
3.75650000000000e-07;4.79365079365079e+00
3.77125000000000e-07;4.78835978835979e+00
3.78600000000000e-07;4.79365079365080e+00
3.80075000000000e-07;4.71957671957672e+00
3.81550000000000e-07;4.61375661375662e+00
3.83025000000000e-07;4.52910052910053e+00
3.84500000000000e-07;4.60317460317461e+00
3.85975000000000e-07;4.84126984126985e+00
3.87450000000000e-07;5.07407407407408e+00
3.88925000000000e-07;5.23280423280424e+00
3.90400000000000e-07;5.40740740740741e+00
3.91875000000000e-07;5.53439153439154e+00
3.93350000000000e-07;5.88888888888889e+00
3.94825000000000e-07;6.42857142857143e+00
3.96300000000000e-07;7.04761904761905e+00
3.97775000000000e-07;7.65079365079366e+00
3.99250000000000e-07;8.11111111111112e+00
4.00725000000000e-07;8.26984126984128e+00
4.02200000000000e-07;8.40211640211641e+00
4.03675000000000e-07;8.67195767195768e+00
4.05150000000000e-07;9.14814814814816e+00
4.06625000000000e-07;1.01904761904762e+01
4.08100000000000e-07;1.12486772486773e+01
4.09575000000000e-07;1.18677248677249e+01
4.11050000000000e-07;1.29576719576720e+01
4.12525000000000e-07;1.48835978835979e+01
4.14000000000000e-07;1.87089947089947e+01
4.15475000000000e-07;2.49629629629630e+01
4.16950000000000e-07;3.35238095238095e+01
4.18425000000000e-07;4.51746031746032e+01
4.19900000000000e-07;6.02222222222223e+01
4.21375000000000e-07;7.92645502645503e+01
4.22850000000000e-07;1.00962962962963e+02
4.24325000000000e-07;1.26439153439154e+02
4.25800000000000e-07;1.52164021164021e+02
4.27275000000000e-07;1.78322751322751e+02
4.28750000000000e-07;2.03539682539683e+02
4.30225000000000e-07;2.26507936507937e+02
4.31700000000000e-07;2.42624338624339e+02
4.33175000000000e-07;2.53142857142857e+02
4.34650000000000e-07;2.56370370370371e+02
4.36125000000000e-07;2.55941798941799e+02
4.37600000000000e-07;2.55000000000000e+02
4.39075000000000e-07;2.55000000000000e+02
4.40550000000000e-07;2.55000000000000e+02
4.42025000000000e-07;2.55000000000000e+02
4.43500000000000e-07;2.55000000000000e+02
4.44975000000000e-07;2.55000000000000e+02
4.46450000000000e-07;2.55000000000000e+02
4.47925000000000e-07;2.55000000000000e+02
4.49400000000000e-07;2.55000000000000e+02
4.50875000000000e-07;2.55010582010582e+02
4.52350000000000e-07;2.55015873015873e+02
4.53825000000000e-07;2.55026455026455e+02
4.55300000000000e-07;2.54804232804233e+02
4.56775000000000e-07;2.54576719576720e+02
4.58250000000000e-07;2.54206349206349e+02
4.59725000000000e-07;2.53841269841270e+02
4.61200000000000e-07;2.53190476190476e+02
4.62675000000000e-07;2.52037037037037e+02
4.64150000000000e-07;2.50497354497355e+02
4.65625000000000e-07;2.48788359788360e+02
4.67100000000000e-07;2.47455026455027e+02
4.68575000000000e-07;2.47216931216931e+02
4.70050000000000e-07;2.48105820105820e+02
4.71525000000000e-07;2.50100529100529e+02
4.73000000000000e-07;2.50798941798942e+02
4.74475000000000e-07;2.50100529100529e+02
4.75950000000000e-07;2.47878306878307e+02
4.77425000000000e-07;2.45264550264550e+02
4.78900000000000e-07;2.39671957671958e+02
4.80375000000000e-07;2.30952380952381e+02
4.81850000000000e-07;2.17740740740741e+02
4.83325000000000e-07;2.01253968253968e+02
4.84800000000000e-07;1.83317460317460e+02
4.86275000000000e-07;1.65259259259259e+02
4.87750000000000e-07;1.46158730158730e+02
4.89225000000000e-07;1.26841269841270e+02
4.90700000000000e-07;1.09238095238095e+02
4.92175000000000e-07;9.20211640211641e+01
4.93650000000000e-07;7.72910052910053e+01
4.95125000000000e-07;6.36878306878307e+01
4.96600000000000e-07;5.20582010582011e+01
4.98075000000000e-07;4.17883597883598e+01
4.99550000000000e-07;3.36031746031746e+01
5.01025000000000e-07;2.58359788359789e+01
5.02500000000000e-07;2.05820105820106e+01
5.03975000000000e-07;1.70687830687831e+01
5.05450000000000e-07;1.51957671957672e+01
5.06925000000000e-07;1.41216931216931e+01
5.08400000000000e-07;1.31534391534392e+01
5.09875000000000e-07;1.14232804232804e+01
5.11350000000000e-07;9.98941798941799e+00
5.12825000000000e-07;8.73544973544974e+00
5.14300000000000e-07;7.92592592592593e+00
5.15775000000000e-07;7.54497354497355e+00
5.17250000000000e-07;7.16931216931217e+00
5.18725000000000e-07;6.71957671957673e+00
5.20200000000000e-07;6.64021164021165e+00
5.21675000000000e-07;6.66137566137567e+00
5.23150000000000e-07;6.47089947089948e+00
5.24625000000000e-07;5.92592592592593e+00
5.26100000000000e-07;5.10582010582011e+00
5.27575000000000e-07;4.32275132275133e+00
5.29050000000000e-07;4.01587301587302e+00
5.30525000000000e-07;4.11640211640212e+00
5.32000000000000e-07;4.11111111111111e+00
5.33475000000000e-07;3.96825396825397e+00
5.34950000000000e-07;3.88888888888889e+00
5.36425000000000e-07;3.74603174603175e+00
5.37900000000000e-07;3.65608465608466e+00
5.39375000000000e-07;3.51322751322752e+00
5.40850000000000e-07;3.32804232804233e+00
5.42325000000000e-07;3.18518518518519e+00
5.43800000000000e-07;3.08994708994709e+00
5.45275000000000e-07;3.10582010582011e+00
5.46750000000000e-07;3.15343915343916e+00
5.48225000000000e-07;3.14285714285715e+00
5.49700000000000e-07;3.10582010582011e+00
5.51175000000000e-07;3.09523809523810e+00
5.52650000000000e-07;2.96296296296297e+00
5.54125000000000e-07;2.84656084656085e+00
5.55600000000000e-07;2.75132275132275e+00
5.57075000000000e-07;2.62433862433863e+00
5.58550000000000e-07;2.59259259259259e+00
5.60025000000000e-07;2.67724867724868e+00
5.61500000000000e-07;2.70899470899471e+00
5.62975000000000e-07;2.75661375661376e+00
5.64450000000000e-07;2.79894179894180e+00
5.65925000000000e-07;2.77777777777778e+00
5.67400000000000e-07;2.77777777777778e+00
5.68875000000000e-07;2.75661375661376e+00
5.70350000000000e-07;2.78835978835979e+00
5.71825000000000e-07;2.85185185185185e+00
5.73300000000000e-07;2.92592592592593e+00
5.74775000000000e-07;2.98941798941799e+00
5.76250000000000e-07;3.06349206349207e+00
5.77725000000000e-07;3.03174603174603e+00
5.79200000000000e-07;2.84656084656085e+00
5.80675000000000e-07;2.51851851851852e+00
5.82150000000000e-07;2.13756613756614e+00
5.83625000000000e-07;1.80423280423281e+00
5.85100000000000e-07;1.62962962962963e+00
5.86575000000000e-07;1.52380952380952e+00
5.88050000000000e-07;1.44444444444445e+00
5.89525000000000e-07;1.40211640211640e+00
5.91000000000000e-07;1.42328042328042e+00
5.92475000000000e-07;1.38624338624339e+00
5.93950000000000e-07;1.36507936507937e+00
5.95425000000000e-07;1.42328042328042e+00
5.96900000000000e-07;1.56613756613757e+00
5.98375000000000e-07;1.74074074074074e+00
5.99850000000000e-07;1.90476190476191e+00
6.01325000000000e-07;1.91005291005291e+00
6.02800000000000e-07;1.88359788359789e+00
6.04275000000000e-07;1.93121693121693e+00
6.05750000000000e-07;2.00000000000000e+00
6.07225000000000e-07;2.04761904761905e+00
6.08700000000000e-07;2.13756613756614e+00
6.10175000000000e-07;2.20105820105820e+00
6.11650000000000e-07;2.21693121693122e+00
6.13125000000000e-07;2.23280423280423e+00
6.14600000000000e-07;2.17460317460318e+00
6.16075000000000e-07;2.05820105820106e+00
6.17550000000000e-07;1.92063492063492e+00
6.19025000000000e-07;1.70370370370371e+00
6.20500000000000e-07;1.46560846560847e+00
6.21975000000000e-07;1.30158730158730e+00
6.23450000000000e-07;1.19047619047619e+00
6.24925000000000e-07;1.21693121693122e+00
6.26400000000000e-07;1.26455026455027e+00
6.27875000000000e-07;1.26455026455027e+00
6.29350000000000e-07;1.21164021164021e+00
6.30825000000000e-07;1.12698412698413e+00
6.32300000000000e-07;1.03174603174603e+00
6.33775000000000e-07;9.94708994708996e-01
6.35250000000000e-07;9.89417989417990e-01
6.36725000000000e-07;1.00000000000000e+00
6.38200000000000e-07;1.00000000000000e+00
6.39675000000000e-07;1.00000000000000e+00
6.41150000000000e-07;1.00000000000000e+00
6.42625000000000e-07;1.00000000000000e+00
6.44100000000000e-07;1.00000000000000e+00
6.45575000000000e-07;1.00000000000000e+00
6.47050000000000e-07;1.00000000000000e+00
6.48525000000000e-07;1.00000000000000e+00
6.50000000000000e-07;1.00000000000000e+00
6.51475000000000e-07;1.00000000000000e+00
6.52950000000000e-07;1.00000000000000e+00
6.54425000000000e-07;1.00000000000000e+00
6.55900000000000e-07;1.00000000000000e+00
6.57375000000000e-07;1.00000000000000e+00
6.58850000000000e-07;1.00000000000000e+00
6.60325000000000e-07;1.00000000000000e+00
6.61800000000000e-07;1.00000000000000e+00
6.63275000000000e-07;1.00000000000000e+00
6.64750000000000e-07;1.00000000000000e+00
6.66225000000000e-07;1.00000000000000e+00
6.67700000000000e-07;1.00000000000000e+00
6.69175000000000e-07;1.00000000000000e+00
6.70650000000000e-07;1.00000000000000e+00
6.72125000000000e-07;1.00000000000000e+00
6.73600000000000e-07;1.00000000000000e+00
6.75075000000000e-07;1.00000000000000e+00
6.76550000000000e-07;1.00000000000000e+00
6.78025000000000e-07;1.00000000000000e+00
6.79500000000000e-07;1.00000000000000e+00
6.80975000000000e-07;1.00000000000000e+00
