3.72700000000000e-07;1.50793650793651e-01
3.74175000000000e-07;1.74603174603175e-01
3.75650000000000e-07;1.98412698412698e-01
3.77125000000000e-07;2.22222222222222e-01
3.78600000000000e-07;2.16931216931217e-01
3.80075000000000e-07;2.22222222222222e-01
3.81550000000000e-07;3.54497354497355e-01
3.83025000000000e-07;5.71428571428572e-01
3.84500000000000e-07;7.35449735449736e-01
3.85975000000000e-07;8.04232804232805e-01
3.87450000000000e-07;7.83068783068784e-01
3.88925000000000e-07;6.45502645502646e-01
3.90400000000000e-07;6.61375661375662e-01
3.91875000000000e-07;7.46031746031746e-01
3.93350000000000e-07;8.83597883597884e-01
3.94825000000000e-07;1.11640211640212e+00
3.96300000000000e-07;1.33333333333333e+00
3.97775000000000e-07;1.42328042328042e+00
3.99250000000000e-07;1.45502645502646e+00
4.00725000000000e-07;1.41269841269841e+00
4.02200000000000e-07;1.33862433862434e+00
4.03675000000000e-07;1.40211640211640e+00
4.05150000000000e-07;1.34920634920635e+00
4.06625000000000e-07;1.38095238095238e+00
4.08100000000000e-07;1.53968253968254e+00
4.09575000000000e-07;1.92063492063492e+00
4.11050000000000e-07;2.40740740740741e+00
4.12525000000000e-07;2.95767195767196e+00
4.14000000000000e-07;3.32804232804233e+00
4.15475000000000e-07;3.43915343915344e+00
4.16950000000000e-07;3.55555555555556e+00
4.18425000000000e-07;4.26455026455027e+00
4.19900000000000e-07;6.41798941798942e+00
4.21375000000000e-07;9.44444444444445e+00
4.22850000000000e-07;1.30687830687831e+01
4.24325000000000e-07;1.73121693121693e+01
4.25800000000000e-07;2.33439153439154e+01
4.27275000000000e-07;2.99365079365080e+01
4.28750000000000e-07;3.85396825396826e+01
4.30225000000000e-07;4.87301587301588e+01
4.31700000000000e-07;5.85608465608466e+01
4.33175000000000e-07;6.72116402116403e+01
4.34650000000000e-07;7.53809523809524e+01
4.36125000000000e-07;8.15608465608466e+01
4.37600000000000e-07;8.87883597883599e+01
4.39075000000000e-07;9.84497354497355e+01
4.40550000000000e-07;1.10698412698413e+02
4.42025000000000e-07;1.24021164021164e+02
4.43500000000000e-07;1.37185185185185e+02
4.44975000000000e-07;1.48502645502646e+02
4.46450000000000e-07;1.57888888888889e+02
4.47925000000000e-07;1.65693121693122e+02
4.49400000000000e-07;1.72132275132275e+02
4.50875000000000e-07;1.77095238095238e+02
4.52350000000000e-07;1.79502645502646e+02
4.53825000000000e-07;1.80179894179894e+02
4.55300000000000e-07;1.79068783068783e+02
4.56775000000000e-07;1.77058201058201e+02
4.58250000000000e-07;1.74100529100529e+02
4.59725000000000e-07;1.71195767195767e+02
4.61200000000000e-07;1.67883597883598e+02
4.62675000000000e-07;1.64910052910053e+02
4.64150000000000e-07;1.61973544973545e+02
4.65625000000000e-07;1.58015873015873e+02
4.67100000000000e-07;1.55417989417990e+02
4.68575000000000e-07;1.53031746031746e+02
4.70050000000000e-07;1.50539682539683e+02
4.71525000000000e-07;1.47455026455027e+02
4.73000000000000e-07;1.43201058201058e+02
4.74475000000000e-07;1.35629629629630e+02
4.75950000000000e-07;1.26105820105820e+02
4.77425000000000e-07;1.13222222222222e+02
4.78900000000000e-07;9.93280423280424e+01
4.80375000000000e-07;8.65132275132276e+01
4.81850000000000e-07;7.62804232804233e+01
4.83325000000000e-07;6.82275132275133e+01
4.84800000000000e-07;6.13809523809524e+01
4.86275000000000e-07;5.44126984126985e+01
4.87750000000000e-07;4.71798941798942e+01
4.89225000000000e-07;4.02063492063492e+01
4.90700000000000e-07;3.39788359788360e+01
4.92175000000000e-07;2.83174603174603e+01
4.93650000000000e-07;2.38148148148148e+01
4.95125000000000e-07;2.01587301587302e+01
4.96600000000000e-07;1.67830687830688e+01
4.98075000000000e-07;1.44285714285714e+01
4.99550000000000e-07;1.23280423280423e+01
5.01025000000000e-07;1.05026455026455e+01
5.02500000000000e-07;9.20634920634921e+00
5.03975000000000e-07;8.26984126984128e+00
5.05450000000000e-07;7.66666666666667e+00
5.06925000000000e-07;7.55026455026455e+00
5.08400000000000e-07;7.16402116402117e+00
5.09875000000000e-07;6.80952380952381e+00
5.11350000000000e-07;6.30158730158731e+00
5.12825000000000e-07;5.79365079365080e+00
5.14300000000000e-07;5.30158730158731e+00
5.15775000000000e-07;4.91005291005291e+00
5.17250000000000e-07;4.45502645502646e+00
5.18725000000000e-07;4.00000000000000e+00
5.20200000000000e-07;3.65079365079365e+00
5.21675000000000e-07;3.45502645502646e+00
5.23150000000000e-07;3.25925925925926e+00
5.24625000000000e-07;3.03174603174603e+00
5.26100000000000e-07;2.76719576719577e+00
5.27575000000000e-07;2.44444444444445e+00
5.29050000000000e-07;2.25925925925926e+00
5.30525000000000e-07;2.17989417989418e+00
5.32000000000000e-07;2.06878306878307e+00
5.33475000000000e-07;1.96825396825397e+00
5.34950000000000e-07;1.88888888888889e+00
5.36425000000000e-07;1.74603174603175e+00
5.37900000000000e-07;1.65608465608466e+00
5.39375000000000e-07;1.51322751322751e+00
5.40850000000000e-07;1.32804232804233e+00
5.42325000000000e-07;1.18518518518519e+00
5.43800000000000e-07;1.08994708994709e+00
5.45275000000000e-07;1.10582010582011e+00
5.46750000000000e-07;1.15343915343915e+00
5.48225000000000e-07;1.14285714285714e+00
5.49700000000000e-07;1.10582010582011e+00
5.51175000000000e-07;1.09523809523810e+00
5.52650000000000e-07;9.62962962962964e-01
5.54125000000000e-07;8.46560846560847e-01
5.55600000000000e-07;7.40740740740741e-01
5.57075000000000e-07;6.19047619047620e-01
5.58550000000000e-07;6.34920634920635e-01
5.60025000000000e-07;7.88359788359789e-01
5.61500000000000e-07;8.88888888888890e-01
5.62975000000000e-07;9.84126984126985e-01
5.64450000000000e-07;1.03174603174603e+00
5.65925000000000e-07;1.00000000000000e+00
5.67400000000000e-07;1.00000000000000e+00
5.68875000000000e-07;1.00000000000000e+00
5.70350000000000e-07;1.00000000000000e+00
5.71825000000000e-07;1.00000000000000e+00
5.73300000000000e-07;1.00000000000000e+00
5.74775000000000e-07;1.00000000000000e+00
5.76250000000000e-07;1.00000000000000e+00
5.77725000000000e-07;1.00000000000000e+00
5.79200000000000e-07;1.00000000000000e+00
5.80675000000000e-07;1.00000000000000e+00
5.82150000000000e-07;1.00000000000000e+00
5.83625000000000e-07;1.00000000000000e+00
5.85100000000000e-07;1.00000000000000e+00
5.86575000000000e-07;1.00000000000000e+00
5.88050000000000e-07;1.00000000000000e+00
5.89525000000000e-07;1.00000000000000e+00
5.91000000000000e-07;1.00000000000000e+00
5.92475000000000e-07;1.00000000000000e+00
5.93950000000000e-07;1.00000000000000e+00
5.95425000000000e-07;1.00000000000000e+00
5.96900000000000e-07;1.00000000000000e+00
5.98375000000000e-07;1.00000000000000e+00
5.99850000000000e-07;1.00000000000000e+00
6.01325000000000e-07;1.00000000000000e+00
6.02800000000000e-07;1.00000000000000e+00
6.04275000000000e-07;1.00000000000000e+00
6.05750000000000e-07;1.00000000000000e+00
6.07225000000000e-07;1.00000000000000e+00
6.08700000000000e-07;1.00000000000000e+00
6.10175000000000e-07;1.00000000000000e+00
6.11650000000000e-07;1.00000000000000e+00
6.13125000000000e-07;1.00000000000000e+00
6.14600000000000e-07;1.00000000000000e+00
6.16075000000000e-07;1.00000000000000e+00
6.17550000000000e-07;1.00000000000000e+00
6.19025000000000e-07;1.00000000000000e+00
6.20500000000000e-07;1.00000000000000e+00
6.21975000000000e-07;1.00000000000000e+00
6.23450000000000e-07;1.00000000000000e+00
6.24925000000000e-07;1.00000000000000e+00
6.26400000000000e-07;1.00000000000000e+00
6.27875000000000e-07;1.00000000000000e+00
6.29350000000000e-07;1.00000000000000e+00
6.30825000000000e-07;1.00000000000000e+00
6.32300000000000e-07;1.00000000000000e+00
6.33775000000000e-07;1.00000000000000e+00
6.35250000000000e-07;1.00000000000000e+00
6.36725000000000e-07;1.00000000000000e+00
6.38200000000000e-07;1.00000000000000e+00
6.39675000000000e-07;1.00000000000000e+00
6.41150000000000e-07;1.00000000000000e+00
6.42625000000000e-07;1.00000000000000e+00
6.44100000000000e-07;1.00000000000000e+00
6.45575000000000e-07;1.00000000000000e+00
6.47050000000000e-07;1.00000000000000e+00
6.48525000000000e-07;1.00000000000000e+00
6.50000000000000e-07;1.00000000000000e+00
6.51475000000000e-07;1.00000000000000e+00
6.52950000000000e-07;1.00000000000000e+00
6.54425000000000e-07;1.00000000000000e+00
6.55900000000000e-07;1.00000000000000e+00
6.57375000000000e-07;1.00000000000000e+00
6.58850000000000e-07;1.00000000000000e+00
6.60325000000000e-07;1.00000000000000e+00
6.61800000000000e-07;1.00000000000000e+00
6.63275000000000e-07;1.00000000000000e+00
6.64750000000000e-07;1.00000000000000e+00
6.66225000000000e-07;1.00000000000000e+00
6.67700000000000e-07;1.00000000000000e+00
6.69175000000000e-07;1.00000000000000e+00
6.70650000000000e-07;1.00000000000000e+00
6.72125000000000e-07;1.00000000000000e+00
6.73600000000000e-07;1.00000000000000e+00
6.75075000000000e-07;1.00000000000000e+00
6.76550000000000e-07;1.00000000000000e+00
6.78025000000000e-07;1.00000000000000e+00
6.79500000000000e-07;1.00000000000000e+00
6.80975000000000e-07;1.00000000000000e+00
