3.72700000000000e-07;4.60846560846561e+00
3.74175000000000e-07;4.53174603174603e+00
3.75650000000000e-07;4.46825396825397e+00
3.77125000000000e-07;4.41798941798942e+00
3.78600000000000e-07;4.34920634920635e+00
3.80075000000000e-07;4.27513227513228e+00
3.81550000000000e-07;4.37037037037037e+00
3.83025000000000e-07;4.60846560846561e+00
3.84500000000000e-07;4.91534391534392e+00
3.85975000000000e-07;5.15873015873016e+00
3.87450000000000e-07;5.34920634920635e+00
3.88925000000000e-07;5.35449735449736e+00
3.90400000000000e-07;5.29100529100529e+00
3.91875000000000e-07;5.22751322751323e+00
3.93350000000000e-07;5.17989417989418e+00
3.94825000000000e-07;5.19576719576720e+00
3.96300000000000e-07;5.25925925925926e+00
3.97775000000000e-07;5.25925925925926e+00
3.99250000000000e-07;5.13756613756614e+00
4.00725000000000e-07;5.12169312169313e+00
4.02200000000000e-07;5.17460317460318e+00
4.03675000000000e-07;5.20105820105820e+00
4.05150000000000e-07;5.24867724867725e+00
4.06625000000000e-07;5.25396825396826e+00
4.08100000000000e-07;5.14285714285715e+00
4.09575000000000e-07;5.11640211640212e+00
4.11050000000000e-07;5.08994708994709e+00
4.12525000000000e-07;4.97354497354498e+00
4.14000000000000e-07;4.90476190476191e+00
4.15475000000000e-07;4.86243386243386e+00
4.16950000000000e-07;4.89417989417990e+00
4.18425000000000e-07;5.02116402116402e+00
4.19900000000000e-07;5.10052910052910e+00
4.21375000000000e-07;5.13227513227514e+00
4.22850000000000e-07;5.10582010582011e+00
4.24325000000000e-07;5.00000000000000e+00
4.25800000000000e-07;4.98412698412699e+00
4.27275000000000e-07;5.04761904761905e+00
4.28750000000000e-07;5.06878306878307e+00
4.30225000000000e-07;5.06878306878307e+00
4.31700000000000e-07;5.05820105820106e+00
4.33175000000000e-07;5.01058201058201e+00
4.34650000000000e-07;4.93650793650794e+00
4.36125000000000e-07;4.90476190476191e+00
4.37600000000000e-07;4.85185185185186e+00
4.39075000000000e-07;4.79894179894180e+00
4.40550000000000e-07;4.79365079365080e+00
4.42025000000000e-07;4.82539682539683e+00
4.43500000000000e-07;4.86243386243387e+00
4.44975000000000e-07;4.99470899470900e+00
4.46450000000000e-07;5.15873015873016e+00
4.47925000000000e-07;5.30158730158731e+00
4.49400000000000e-07;5.42857142857143e+00
4.50875000000000e-07;5.42857142857143e+00
4.52350000000000e-07;5.38095238095238e+00
4.53825000000000e-07;5.28042328042328e+00
4.55300000000000e-07;5.40211640211641e+00
4.56775000000000e-07;5.76719576719577e+00
4.58250000000000e-07;6.42857142857143e+00
4.59725000000000e-07;7.23280423280424e+00
4.61200000000000e-07;8.19047619047620e+00
4.62675000000000e-07;8.69312169312170e+00
4.64150000000000e-07;9.19047619047620e+00
4.65625000000000e-07;9.78306878306879e+00
4.67100000000000e-07;1.09894179894180e+01
4.68575000000000e-07;1.33227513227513e+01
4.70050000000000e-07;1.72910052910053e+01
4.71525000000000e-07;2.22539682539683e+01
4.73000000000000e-07;2.75873015873016e+01
4.74475000000000e-07;3.30158730158730e+01
4.75950000000000e-07;4.01957671957672e+01
4.77425000000000e-07;4.97619047619048e+01
4.78900000000000e-07;6.05291005291006e+01
4.80375000000000e-07;7.26031746031747e+01
4.81850000000000e-07;8.54656084656085e+01
4.83325000000000e-07;1.00285714285714e+02
4.84800000000000e-07;1.16899470899471e+02
4.86275000000000e-07;1.35338624338624e+02
4.87750000000000e-07;1.51968253968254e+02
4.89225000000000e-07;1.67529100529101e+02
4.90700000000000e-07;1.80391534391534e+02
4.92175000000000e-07;1.92619047619048e+02
4.93650000000000e-07;2.03592592592593e+02
4.95125000000000e-07;2.11365079365080e+02
4.96600000000000e-07;2.20529100529101e+02
4.98075000000000e-07;2.30978835978836e+02
4.99550000000000e-07;2.40423280423281e+02
5.01025000000000e-07;2.48661375661376e+02
5.02500000000000e-07;2.54428571428572e+02
5.03975000000000e-07;2.55063492063492e+02
5.05450000000000e-07;2.55306878306879e+02
5.06925000000000e-07;2.53275132275132e+02
5.08400000000000e-07;2.48455026455027e+02
5.09875000000000e-07;2.39148148148148e+02
5.11350000000000e-07;2.27708994708995e+02
5.12825000000000e-07;2.14164021164021e+02
5.14300000000000e-07;1.99206349206349e+02
5.15775000000000e-07;1.82423280423281e+02
5.17250000000000e-07;1.65211640211640e+02
5.18725000000000e-07;1.46428571428572e+02
5.20200000000000e-07;1.30640211640212e+02
5.21675000000000e-07;1.13492063492064e+02
5.23150000000000e-07;9.58148148148149e+01
5.24625000000000e-07;7.55079365079366e+01
5.26100000000000e-07;5.86084656084657e+01
5.27575000000000e-07;4.43544973544974e+01
5.29050000000000e-07;3.48994708994709e+01
5.30525000000000e-07;2.60476190476191e+01
5.32000000000000e-07;1.82539682539683e+01
5.33475000000000e-07;1.02116402116402e+01
5.34950000000000e-07;5.76190476190477e+00
5.36425000000000e-07;2.94179894179894e+00
5.37900000000000e-07;1.38624338624339e+00
5.39375000000000e-07;3.49206349206349e-01
5.40850000000000e-07;-5.29100529100530e-02
5.42325000000000e-07;-1.11111111111111e-01
5.43800000000000e-07;3.17460317460318e-02
5.45275000000000e-07;1.58730158730159e-02
5.46750000000000e-07;-1.05820105820106e-02
5.48225000000000e-07;0.00000000000000e+00
5.49700000000000e-07;0.00000000000000e+00
5.51175000000000e-07;0.00000000000000e+00
5.52650000000000e-07;0.00000000000000e+00
5.54125000000000e-07;-3.17460317460318e-02
5.55600000000000e-07;-2.16931216931217e-01
5.57075000000000e-07;2.38095238095238e-01
5.58550000000000e-07;7.77777777777778e-01
5.60025000000000e-07;2.07936507936508e+00
5.61500000000000e-07;3.29629629629630e+00
5.62975000000000e-07;4.59788359788360e+00
5.64450000000000e-07;5.51851851851852e+00
5.65925000000000e-07;6.76719576719577e+00
5.67400000000000e-07;7.08994708994709e+00
5.68875000000000e-07;7.49206349206350e+00
5.70350000000000e-07;7.04761904761905e+00
5.71825000000000e-07;6.88888888888889e+00
5.73300000000000e-07;6.49735449735450e+00
5.74775000000000e-07;6.28042328042328e+00
5.76250000000000e-07;5.80423280423281e+00
5.77725000000000e-07;5.39153439153440e+00
5.79200000000000e-07;4.92063492063492e+00
5.80675000000000e-07;5.04232804232805e+00
5.82150000000000e-07;4.98941798941799e+00
5.83625000000000e-07;4.93121693121694e+00
5.85100000000000e-07;4.94708994708995e+00
5.86575000000000e-07;4.91534391534392e+00
5.88050000000000e-07;4.86772486772487e+00
5.89525000000000e-07;5.12698412698413e+00
5.91000000000000e-07;5.39153439153440e+00
5.92475000000000e-07;5.63492063492064e+00
5.93950000000000e-07;5.71957671957673e+00
5.95425000000000e-07;5.60317460317461e+00
5.96900000000000e-07;5.33333333333334e+00
5.98375000000000e-07;5.14814814814815e+00
5.99850000000000e-07;5.08465608465609e+00
6.01325000000000e-07;5.14814814814815e+00
6.02800000000000e-07;5.16402116402117e+00
6.04275000000000e-07;5.22751322751323e+00
6.05750000000000e-07;5.17989417989418e+00
6.07225000000000e-07;5.05291005291006e+00
6.08700000000000e-07;4.89947089947090e+00
6.10175000000000e-07;4.75132275132275e+00
6.11650000000000e-07;4.66666666666667e+00
6.13125000000000e-07;4.75132275132275e+00
6.14600000000000e-07;4.81481481481482e+00
6.16075000000000e-07;4.97354497354498e+00
6.17550000000000e-07;5.11111111111112e+00
6.19025000000000e-07;5.13227513227514e+00
6.20500000000000e-07;5.07936507936508e+00
6.21975000000000e-07;4.88888888888889e+00
6.23450000000000e-07;4.64021164021164e+00
6.24925000000000e-07;4.50264550264551e+00
6.26400000000000e-07;4.37037037037037e+00
6.27875000000000e-07;4.24867724867725e+00
6.29350000000000e-07;4.31216931216932e+00
6.30825000000000e-07;4.38095238095238e+00
6.32300000000000e-07;4.48148148148148e+00
6.33775000000000e-07;4.71428571428572e+00
6.35250000000000e-07;4.84656084656085e+00
6.36725000000000e-07;4.84656084656085e+00
6.38200000000000e-07;4.87301587301588e+00
6.39675000000000e-07;4.79894179894180e+00
6.41150000000000e-07;4.68253968253969e+00
6.42625000000000e-07;4.68253968253969e+00
6.44100000000000e-07;4.52910052910053e+00
6.45575000000000e-07;4.35449735449736e+00
6.47050000000000e-07;4.20105820105820e+00
6.48525000000000e-07;4.11111111111111e+00
6.50000000000000e-07;4.11640211640212e+00
6.51475000000000e-07;4.30687830687831e+00
6.52950000000000e-07;4.33333333333334e+00
6.54425000000000e-07;4.31216931216932e+00
6.55900000000000e-07;4.24867724867725e+00
6.57375000000000e-07;4.25396825396826e+00
6.58850000000000e-07;4.29629629629630e+00
6.60325000000000e-07;4.42328042328043e+00
6.61800000000000e-07;4.44444444444445e+00
6.63275000000000e-07;4.40740740740741e+00
6.64750000000000e-07;4.36507936507937e+00
6.66225000000000e-07;4.39153439153439e+00
6.67700000000000e-07;4.43915343915344e+00
6.69175000000000e-07;4.47089947089947e+00
6.70650000000000e-07;4.44973544973545e+00
6.72125000000000e-07;4.37566137566138e+00
6.73600000000000e-07;4.33333333333334e+00
6.75075000000000e-07;4.39153439153440e+00
6.76550000000000e-07;4.40211640211641e+00
6.78025000000000e-07;4.32539682539683e+00
6.79500000000000e-07;4.19047619047619e+00
6.80975000000000e-07;3.99735449735450e+00
