3.72700000000000e-07;5.28911564625850e+00
3.74175000000000e-07;5.28571428571428e+00
3.75650000000000e-07;5.27551020408163e+00
3.77125000000000e-07;5.25850340136055e+00
3.78600000000000e-07;5.24489795918368e+00
3.80075000000000e-07;5.14965986394558e+00
3.81550000000000e-07;5.17006802721089e+00
3.83025000000000e-07;5.19727891156463e+00
3.84500000000000e-07;5.19727891156463e+00
3.85975000000000e-07;5.19727891156463e+00
3.87450000000000e-07;5.13605442176871e+00
3.88925000000000e-07;5.02721088435375e+00
3.90400000000000e-07;5.04081632653062e+00
3.91875000000000e-07;5.07482993197279e+00
3.93350000000000e-07;5.19047619047619e+00
3.94825000000000e-07;5.32653061224490e+00
3.96300000000000e-07;5.34693877551021e+00
3.97775000000000e-07;5.31972789115647e+00
3.99250000000000e-07;5.29931972789116e+00
4.00725000000000e-07;5.36734693877551e+00
4.02200000000000e-07;5.51020408163266e+00
4.03675000000000e-07;5.59183673469388e+00
4.05150000000000e-07;5.56462585034014e+00
4.06625000000000e-07;5.41496598639456e+00
4.08100000000000e-07;5.36054421768708e+00
4.09575000000000e-07;5.38775510204082e+00
4.11050000000000e-07;5.43537414965987e+00
4.12525000000000e-07;5.48299319727892e+00
4.14000000000000e-07;5.49659863945578e+00
4.15475000000000e-07;5.40136054421769e+00
4.16950000000000e-07;5.38095238095238e+00
4.18425000000000e-07;5.36054421768708e+00
4.19900000000000e-07;5.36734693877551e+00
4.21375000000000e-07;5.42857142857143e+00
4.22850000000000e-07;5.40136054421769e+00
4.24325000000000e-07;5.27891156462585e+00
4.25800000000000e-07;5.12244897959184e+00
4.27275000000000e-07;5.01360544217687e+00
4.28750000000000e-07;5.09523809523810e+00
4.30225000000000e-07;5.32653061224490e+00
4.31700000000000e-07;5.60544217687075e+00
4.33175000000000e-07;5.81632653061225e+00
4.34650000000000e-07;5.89115646258504e+00
4.36125000000000e-07;5.88435374149660e+00
4.37600000000000e-07;5.85034013605443e+00
4.39075000000000e-07;5.75510204081633e+00
4.40550000000000e-07;5.74829931972790e+00
4.42025000000000e-07;5.93197278911565e+00
4.43500000000000e-07;6.19727891156463e+00
4.44975000000000e-07;6.54421768707483e+00
4.46450000000000e-07;6.86394557823130e+00
4.47925000000000e-07;6.98639455782314e+00
4.49400000000000e-07;7.02040816326531e+00
4.50875000000000e-07;7.00680272108844e+00
4.52350000000000e-07;7.08843537414967e+00
4.53825000000000e-07;7.24489795918368e+00
4.55300000000000e-07;7.64625850340137e+00
4.56775000000000e-07;8.14965986394559e+00
4.58250000000000e-07;8.89795918367348e+00
4.59725000000000e-07;9.50340136054423e+00
4.61200000000000e-07;1.00544217687075e+01
4.62675000000000e-07;9.97959183673470e+00
4.64150000000000e-07;1.02517006802721e+01
4.65625000000000e-07;1.14761904761905e+01
4.67100000000000e-07;1.39931972789116e+01
4.68575000000000e-07;1.86190476190476e+01
4.70050000000000e-07;2.52653061224490e+01
4.71525000000000e-07;3.31768707482993e+01
4.73000000000000e-07;4.13333333333334e+01
4.74475000000000e-07;4.93877551020408e+01
4.75950000000000e-07;5.83265306122449e+01
4.77425000000000e-07;7.07278911564626e+01
4.78900000000000e-07;8.49319727891157e+01
4.80375000000000e-07;1.01251700680272e+02
4.81850000000000e-07;1.17659863945578e+02
4.83325000000000e-07;1.34496598639456e+02
4.84800000000000e-07;1.50952380952381e+02
4.86275000000000e-07;1.69081632653061e+02
4.87750000000000e-07;1.85183673469388e+02
4.89225000000000e-07;1.99054421768708e+02
4.90700000000000e-07;2.10115646258504e+02
4.92175000000000e-07;2.21442176870748e+02
4.93650000000000e-07;2.31020408163266e+02
4.95125000000000e-07;2.37857142857143e+02
4.96600000000000e-07;2.44122448979592e+02
4.98075000000000e-07;2.48632653061225e+02
4.99550000000000e-07;2.51333333333333e+02
5.01025000000000e-07;2.54238095238095e+02
5.02500000000000e-07;2.56061224489796e+02
5.03975000000000e-07;2.54931972789116e+02
5.05450000000000e-07;2.54918367346939e+02
5.06925000000000e-07;2.55047619047619e+02
5.08400000000000e-07;2.54829931972789e+02
5.09875000000000e-07;2.54836734693878e+02
5.11350000000000e-07;2.53292517006803e+02
5.12825000000000e-07;2.49591836734694e+02
5.14300000000000e-07;2.42278911564626e+02
5.15775000000000e-07;2.29299319727891e+02
5.17250000000000e-07;2.11360544217687e+02
5.18725000000000e-07;1.90836734693878e+02
5.20200000000000e-07;1.71340136054422e+02
5.21675000000000e-07;1.52564625850340e+02
5.23150000000000e-07;1.33829931972789e+02
5.24625000000000e-07;1.09394557823129e+02
5.26100000000000e-07;8.67346938775511e+01
5.27575000000000e-07;6.63197278911565e+01
5.29050000000000e-07;5.18027210884354e+01
5.30525000000000e-07;3.88571428571429e+01
5.32000000000000e-07;2.88979591836735e+01
5.33475000000000e-07;1.73877551020408e+01
5.34950000000000e-07;9.99319727891157e+00
5.36425000000000e-07;5.27210884353742e+00
5.37900000000000e-07;2.76190476190476e+00
5.39375000000000e-07;2.58503401360544e-01
5.40850000000000e-07;-1.97278911564626e-01
5.42325000000000e-07;-8.84353741496599e-02
5.43800000000000e-07;4.08163265306122e-02
5.45275000000000e-07;6.25850340136055e-01
5.46750000000000e-07;8.70748299319729e-01
5.48225000000000e-07;8.43537414965987e-01
5.49700000000000e-07;5.44217687074830e-01
5.51175000000000e-07;9.52380952380953e-02
5.52650000000000e-07;-1.36054421768708e-01
5.54125000000000e-07;0.00000000000000e+00
5.55600000000000e-07;-1.36054421768708e-02
5.57075000000000e-07;-6.80272108843538e-03
5.58550000000000e-07;-1.08843537414966e-01
5.60025000000000e-07;2.38095238095238e-01
5.61500000000000e-07;5.78231292517007e-01
5.62975000000000e-07;1.36054421768708e+00
5.64450000000000e-07;2.38095238095238e+00
5.65925000000000e-07;4.19727891156463e+00
5.67400000000000e-07;5.82312925170068e+00
5.68875000000000e-07;7.85714285714286e+00
5.70350000000000e-07;8.83673469387756e+00
5.71825000000000e-07;9.05442176870749e+00
5.73300000000000e-07;8.20408163265307e+00
5.74775000000000e-07;7.28571428571429e+00
5.76250000000000e-07;6.19727891156463e+00
5.77725000000000e-07;5.88435374149660e+00
5.79200000000000e-07;5.80272108843538e+00
5.80675000000000e-07;5.82993197278912e+00
5.82150000000000e-07;5.53061224489796e+00
5.83625000000000e-07;5.16326530612245e+00
5.85100000000000e-07;4.81632653061225e+00
5.86575000000000e-07;4.61224489795919e+00
5.88050000000000e-07;4.55102040816327e+00
5.89525000000000e-07;4.49659863945578e+00
5.91000000000000e-07;4.46938775510204e+00
5.92475000000000e-07;4.63265306122449e+00
5.93950000000000e-07;4.70068027210885e+00
5.95425000000000e-07;4.78231292517007e+00
5.96900000000000e-07;4.86394557823130e+00
5.98375000000000e-07;4.85714285714286e+00
5.99850000000000e-07;4.85714285714286e+00
6.01325000000000e-07;4.80952380952381e+00
6.02800000000000e-07;4.70748299319728e+00
6.04275000000000e-07;4.87755102040817e+00
6.05750000000000e-07;5.14285714285715e+00
6.07225000000000e-07;5.29251700680273e+00
6.08700000000000e-07;5.36054421768708e+00
6.10175000000000e-07;5.29251700680272e+00
6.11650000000000e-07;5.21768707482993e+00
6.13125000000000e-07;5.27891156462585e+00
6.14600000000000e-07;5.29251700680273e+00
6.16075000000000e-07;5.25170068027211e+00
6.17550000000000e-07;5.18367346938776e+00
6.19025000000000e-07;5.11564625850341e+00
6.20500000000000e-07;5.02721088435375e+00
6.21975000000000e-07;4.95918367346939e+00
6.23450000000000e-07;4.89115646258504e+00
6.24925000000000e-07;4.85034013605443e+00
6.26400000000000e-07;4.85034013605443e+00
6.27875000000000e-07;4.90476190476191e+00
6.29350000000000e-07;4.95238095238096e+00
6.30825000000000e-07;5.00680272108844e+00
6.32300000000000e-07;5.00680272108844e+00
6.33775000000000e-07;4.95238095238096e+00
6.35250000000000e-07;4.89115646258504e+00
6.36725000000000e-07;4.87074829931973e+00
6.38200000000000e-07;4.87755102040817e+00
6.39675000000000e-07;5.00000000000000e+00
6.41150000000000e-07;5.02040816326531e+00
6.42625000000000e-07;4.97959183673470e+00
6.44100000000000e-07;4.84353741496599e+00
6.45575000000000e-07;4.70068027210885e+00
6.47050000000000e-07;4.56462585034014e+00
6.48525000000000e-07;4.57142857142857e+00
6.50000000000000e-07;4.59863945578232e+00
6.51475000000000e-07;4.74829931972789e+00
6.52950000000000e-07;4.82312925170068e+00
6.54425000000000e-07;4.87074829931973e+00
6.55900000000000e-07;4.87755102040817e+00
6.57375000000000e-07;4.81632653061225e+00
6.58850000000000e-07;4.78231292517007e+00
6.60325000000000e-07;4.83673469387755e+00
6.61800000000000e-07;4.82312925170068e+00
6.63275000000000e-07;4.82312925170068e+00
6.64750000000000e-07;4.70748299319728e+00
6.66225000000000e-07;4.49659863945579e+00
6.67700000000000e-07;4.27210884353742e+00
6.69175000000000e-07;4.10204081632653e+00
6.70650000000000e-07;3.96598639455783e+00
6.72125000000000e-07;4.02721088435374e+00
6.73600000000000e-07;4.11564625850340e+00
6.75075000000000e-07;4.29251700680272e+00
6.76550000000000e-07;4.45578231292517e+00
6.78025000000000e-07;4.54081632653061e+00
6.79500000000000e-07;4.58163265306123e+00
6.80975000000000e-07;4.57823129251701e+00
