3.72700000000000e-07;2.98214285714286e+00
3.74175000000000e-07;2.94953416149068e+00
3.75650000000000e-07;2.91459627329193e+00
3.77125000000000e-07;2.87732919254659e+00
3.78600000000000e-07;2.82815734989648e+00
3.80075000000000e-07;2.74741200828158e+00
3.81550000000000e-07;2.78623188405797e+00
3.83025000000000e-07;2.88302277432712e+00
3.84500000000000e-07;3.00724637681160e+00
3.85975000000000e-07;3.15010351966874e+00
3.87450000000000e-07;3.21014492753623e+00
3.88925000000000e-07;3.16304347826087e+00
3.90400000000000e-07;3.13923395445135e+00
3.91875000000000e-07;3.07505175983437e+00
3.93350000000000e-07;3.02070393374742e+00
3.94825000000000e-07;2.97981366459627e+00
3.96300000000000e-07;2.93581780538303e+00
3.97775000000000e-07;2.89130434782609e+00
3.99250000000000e-07;2.83022774327122e+00
4.00725000000000e-07;2.77795031055901e+00
4.02200000000000e-07;2.77536231884058e+00
4.03675000000000e-07;2.80434782608696e+00
4.05150000000000e-07;2.88095238095238e+00
4.06625000000000e-07;2.93219461697723e+00
4.08100000000000e-07;2.97670807453416e+00
4.09575000000000e-07;2.97929606625259e+00
4.11050000000000e-07;2.95082815734990e+00
4.12525000000000e-07;2.88664596273292e+00
4.14000000000000e-07;2.83643892339545e+00
4.15475000000000e-07;2.79296066252588e+00
4.16950000000000e-07;2.81832298136646e+00
4.18425000000000e-07;2.85093167701864e+00
4.19900000000000e-07;2.90165631469979e+00
4.21375000000000e-07;2.92857142857143e+00
4.22850000000000e-07;2.94409937888199e+00
4.24325000000000e-07;2.94824016563147e+00
4.25800000000000e-07;2.96997929606625e+00
4.27275000000000e-07;3.00465838509317e+00
4.28750000000000e-07;3.06055900621118e+00
4.30225000000000e-07;3.10714285714286e+00
4.31700000000000e-07;3.12836438923396e+00
4.33175000000000e-07;3.11904761904762e+00
4.34650000000000e-07;3.10714285714286e+00
4.36125000000000e-07;3.08540372670808e+00
4.37600000000000e-07;3.07608695652174e+00
4.39075000000000e-07;3.05227743271222e+00
4.40550000000000e-07;3.08436853002070e+00
4.42025000000000e-07;3.14699792960663e+00
4.43500000000000e-07;3.21428571428571e+00
4.44975000000000e-07;3.26190476190476e+00
4.46450000000000e-07;3.28519668737060e+00
4.47925000000000e-07;3.25776397515528e+00
4.49400000000000e-07;3.28002070393375e+00
4.50875000000000e-07;3.30020703933748e+00
4.52350000000000e-07;3.35507246376812e+00
4.53825000000000e-07;3.45600414078675e+00
4.55300000000000e-07;3.58799171842650e+00
4.56775000000000e-07;3.72256728778468e+00
4.58250000000000e-07;3.85714285714286e+00
4.59725000000000e-07;3.92546583850932e+00
4.61200000000000e-07;3.98343685300207e+00
4.62675000000000e-07;4.05279503105590e+00
4.64150000000000e-07;4.19099378881988e+00
4.65625000000000e-07;4.44927536231884e+00
4.67100000000000e-07;4.96894409937889e+00
4.68575000000000e-07;5.69565217391305e+00
4.70050000000000e-07;6.51811594202899e+00
4.71525000000000e-07;7.42080745341615e+00
4.73000000000000e-07;8.56004140786750e+00
4.74475000000000e-07;9.77639751552796e+00
4.75950000000000e-07;1.12877846790890e+01
4.77425000000000e-07;1.30419254658385e+01
4.78900000000000e-07;1.49047619047619e+01
4.80375000000000e-07;1.68219461697723e+01
4.81850000000000e-07;1.90502070393375e+01
4.83325000000000e-07;2.13680124223603e+01
4.84800000000000e-07;2.40481366459627e+01
4.86275000000000e-07;2.70812629399586e+01
4.87750000000000e-07;3.05574534161491e+01
4.89225000000000e-07;3.42386128364390e+01
4.90700000000000e-07;3.81697722567288e+01
4.92175000000000e-07;4.21899585921325e+01
4.93650000000000e-07;4.60998964803313e+01
4.95125000000000e-07;4.65186335403727e+01
4.96600000000000e-07;5.56278467908903e+01
4.98075000000000e-07;7.03421325051760e+01
4.99550000000000e-07;8.78964803312630e+01
5.01025000000000e-07;1.05047619047619e+02
5.02500000000000e-07;1.17498447204969e+02
5.03975000000000e-07;1.20815217391304e+02
5.05450000000000e-07;1.26040890269151e+02
5.06925000000000e-07;1.30029503105590e+02
5.08400000000000e-07;1.32802795031056e+02
5.09875000000000e-07;1.34855590062112e+02
5.11350000000000e-07;1.35912525879917e+02
5.12825000000000e-07;1.35803830227743e+02
5.14300000000000e-07;1.34256728778468e+02
5.15775000000000e-07;1.31283126293996e+02
5.17250000000000e-07;1.26393892339545e+02
5.18725000000000e-07;1.20762422360249e+02
5.20200000000000e-07;1.15027950310559e+02
5.21675000000000e-07;1.09509316770186e+02
5.23150000000000e-07;1.04367494824017e+02
5.24625000000000e-07;9.66211180124224e+01
5.26100000000000e-07;9.43949275362319e+01
5.27575000000000e-07;9.57919254658386e+01
5.29050000000000e-07;9.85967908902692e+01
5.30525000000000e-07;1.00114389233955e+02
5.32000000000000e-07;9.81878881987578e+01
5.33475000000000e-07;9.00791925465840e+01
5.34950000000000e-07;8.36252587991719e+01
5.36425000000000e-07;7.65569358178054e+01
5.37900000000000e-07;6.94389233954452e+01
5.39375000000000e-07;6.26469979296067e+01
5.40850000000000e-07;5.69523809523810e+01
5.42325000000000e-07;5.22582815734990e+01
5.43800000000000e-07;4.82060041407868e+01
5.45275000000000e-07;4.45543478260870e+01
5.46750000000000e-07;4.07624223602485e+01
5.48225000000000e-07;3.65817805383023e+01
5.49700000000000e-07;3.25134575569358e+01
5.51175000000000e-07;2.84917184265010e+01
5.52650000000000e-07;2.50952380952381e+01
5.54125000000000e-07;2.17199792960663e+01
5.55600000000000e-07;1.93493788819876e+01
5.57075000000000e-07;1.74420289855073e+01
5.58550000000000e-07;1.60496894409938e+01
5.60025000000000e-07;1.48286749482402e+01
5.61500000000000e-07;1.36718426501035e+01
5.62975000000000e-07;1.19943064182195e+01
5.64450000000000e-07;1.10170807453416e+01
5.65925000000000e-07;1.00181159420290e+01
5.67400000000000e-07;9.09730848861284e+00
5.68875000000000e-07;8.31366459627330e+00
5.70350000000000e-07;7.63095238095238e+00
5.71825000000000e-07;7.03674948240166e+00
5.73300000000000e-07;6.50258799171843e+00
5.74775000000000e-07;6.00569358178054e+00
5.76250000000000e-07;5.61180124223603e+00
5.77725000000000e-07;5.36231884057971e+00
5.79200000000000e-07;5.10766045548655e+00
5.80675000000000e-07;4.94565217391305e+00
5.82150000000000e-07;4.70289855072464e+00
5.83625000000000e-07;4.40217391304348e+00
5.85100000000000e-07;4.19099378881988e+00
5.86575000000000e-07;4.01915113871636e+00
5.88050000000000e-07;3.89440993788820e+00
5.89525000000000e-07;3.85248447204969e+00
5.91000000000000e-07;3.76552795031056e+00
5.92475000000000e-07;3.66821946169773e+00
5.93950000000000e-07;3.60559006211180e+00
5.95425000000000e-07;3.49948240165631e+00
5.96900000000000e-07;3.37370600414079e+00
5.98375000000000e-07;3.23913043478261e+00
5.99850000000000e-07;3.14803312629400e+00
6.01325000000000e-07;3.14026915113872e+00
6.02800000000000e-07;3.16511387163561e+00
6.04275000000000e-07;3.20910973084886e+00
6.05750000000000e-07;3.19668737060042e+00
6.07225000000000e-07;3.12629399585921e+00
6.08700000000000e-07;3.05020703933748e+00
6.10175000000000e-07;2.99327122153209e+00
6.11650000000000e-07;2.95548654244307e+00
6.13125000000000e-07;2.97308488612837e+00
6.14600000000000e-07;2.95134575569358e+00
6.16075000000000e-07;2.91925465838509e+00
6.17550000000000e-07;2.90062111801242e+00
6.19025000000000e-07;2.88612836438923e+00
6.20500000000000e-07;2.84782608695652e+00
6.21975000000000e-07;2.79451345755694e+00
6.23450000000000e-07;2.71169772256729e+00
6.24925000000000e-07;2.63302277432712e+00
6.26400000000000e-07;2.59834368530021e+00
6.27875000000000e-07;2.60921325051760e+00
6.29350000000000e-07;2.65890269151139e+00
6.30825000000000e-07;2.72567287784679e+00
6.32300000000000e-07;2.76345755693582e+00
6.33775000000000e-07;2.74948240165632e+00
6.35250000000000e-07;2.70703933747412e+00
6.36725000000000e-07;2.65527950310559e+00
6.38200000000000e-07;2.65890269151139e+00
6.39675000000000e-07;2.68064182194617e+00
6.41150000000000e-07;2.73498964803313e+00
6.42625000000000e-07;2.81004140786750e+00
6.44100000000000e-07;2.80383022774327e+00
6.45575000000000e-07;2.75724637681160e+00
6.47050000000000e-07;2.70031055900621e+00
6.48525000000000e-07;2.61956521739130e+00
6.50000000000000e-07;2.60766045548654e+00
6.51475000000000e-07;2.65786749482402e+00
6.52950000000000e-07;2.62318840579710e+00
6.54425000000000e-07;2.57298136645963e+00
6.55900000000000e-07;2.51190476190476e+00
6.57375000000000e-07;2.44409937888199e+00
6.58850000000000e-07;2.40269151138717e+00
6.60325000000000e-07;2.39440993788820e+00
6.61800000000000e-07;2.38146997929607e+00
6.63275000000000e-07;2.38768115942029e+00
6.64750000000000e-07;2.40320910973085e+00
6.66225000000000e-07;2.42960662525880e+00
6.67700000000000e-07;2.46066252587992e+00
6.69175000000000e-07;2.48240165631470e+00
6.70650000000000e-07;2.49689440993789e+00
6.72125000000000e-07;2.48757763975155e+00
6.73600000000000e-07;2.47567287784679e+00
6.75075000000000e-07;2.44720496894410e+00
6.76550000000000e-07;2.45910973084886e+00
6.78025000000000e-07;2.49767080745342e+00
6.79500000000000e-07;2.56133540372671e+00
6.80975000000000e-07;2.65010351966874e+00
