3.72700000000000e-07;1.49206349206349e+00
3.74175000000000e-07;1.51190476190476e+00
3.75650000000000e-07;1.51190476190476e+00
3.77125000000000e-07;1.49206349206349e+00
3.78600000000000e-07;1.44444444444445e+00
3.80075000000000e-07;1.38888888888889e+00
3.81550000000000e-07;1.34126984126984e+00
3.83025000000000e-07;1.33333333333333e+00
3.84500000000000e-07;1.32539682539683e+00
3.85975000000000e-07;1.27777777777778e+00
3.87450000000000e-07;1.22222222222222e+00
3.88925000000000e-07;1.15873015873016e+00
3.90400000000000e-07;1.15873015873016e+00
3.91875000000000e-07;1.23809523809524e+00
3.93350000000000e-07;1.26984126984127e+00
3.94825000000000e-07;1.26984126984127e+00
3.96300000000000e-07;1.23809523809524e+00
3.97775000000000e-07;1.17460317460318e+00
3.99250000000000e-07;1.16666666666667e+00
4.00725000000000e-07;1.15873015873016e+00
4.02200000000000e-07;1.11111111111111e+00
4.03675000000000e-07;1.02380952380952e+00
4.05150000000000e-07;1.02380952380952e+00
4.06625000000000e-07;1.09523809523810e+00
4.08100000000000e-07;1.22222222222222e+00
4.09575000000000e-07;1.28571428571429e+00
4.11050000000000e-07;1.31746031746032e+00
4.12525000000000e-07;1.55555555555556e+00
4.14000000000000e-07;1.73809523809524e+00
4.15475000000000e-07;1.80158730158730e+00
4.16950000000000e-07;1.80158730158730e+00
4.18425000000000e-07;1.68253968253968e+00
4.19900000000000e-07;1.50793650793651e+00
4.21375000000000e-07;1.46031746031746e+00
4.22850000000000e-07;1.04761904761905e+00
4.24325000000000e-07;5.55555555555556e-01
4.25800000000000e-07;6.98412698412699e-01
4.27275000000000e-07;1.07936507936508e+00
4.28750000000000e-07;1.50793650793651e+00
4.30225000000000e-07;1.50793650793651e+00
4.31700000000000e-07;1.21428571428572e+00
4.33175000000000e-07;1.12698412698413e+00
4.34650000000000e-07;1.93650793650794e+00
4.36125000000000e-07;3.01587301587302e+00
4.37600000000000e-07;5.46825396825397e+00
4.39075000000000e-07;7.68253968253969e+00
4.40550000000000e-07;1.13809523809524e+01
4.42025000000000e-07;1.61269841269841e+01
4.43500000000000e-07;2.16190476190476e+01
4.44975000000000e-07;2.53095238095238e+01
4.46450000000000e-07;2.73650793650794e+01
4.47925000000000e-07;2.51269841269841e+01
4.49400000000000e-07;2.16190476190476e+01
4.50875000000000e-07;1.74047619047619e+01
4.52350000000000e-07;1.44206349206349e+01
4.53825000000000e-07;1.15555555555556e+01
4.55300000000000e-07;1.01190476190476e+01
4.56775000000000e-07;8.96031746031747e+00
4.58250000000000e-07;8.39682539682540e+00
4.59725000000000e-07;7.37301587301588e+00
4.61200000000000e-07;6.08730158730159e+00
4.62675000000000e-07;4.13492063492064e+00
4.64150000000000e-07;2.39682539682540e+00
4.65625000000000e-07;1.26190476190476e+00
4.67100000000000e-07;5.87301587301588e-01
4.68575000000000e-07;1.34920634920635e-01
4.70050000000000e-07;-2.38095238095238e-02
4.71525000000000e-07;3.17460317460318e-02
4.73000000000000e-07;-3.17460317460318e-02
4.74475000000000e-07;0.00000000000000e+00
4.75950000000000e-07;0.00000000000000e+00
4.77425000000000e-07;0.00000000000000e+00
4.78900000000000e-07;0.00000000000000e+00
4.80375000000000e-07;0.00000000000000e+00
4.81850000000000e-07;0.00000000000000e+00
4.83325000000000e-07;-1.58730158730159e-02
4.84800000000000e-07;-1.03174603174603e-01
4.86275000000000e-07;-1.58730158730159e-01
4.87750000000000e-07;4.44444444444445e-01
4.89225000000000e-07;1.84920634920635e+00
4.90700000000000e-07;3.88095238095238e+00
4.92175000000000e-07;5.95238095238096e+00
4.93650000000000e-07;7.14285714285715e+00
4.95125000000000e-07;5.50793650793651e+00
4.96600000000000e-07;9.59523809523810e+00
4.98075000000000e-07;1.73730158730159e+01
4.99550000000000e-07;2.67380952380953e+01
5.01025000000000e-07;3.41349206349207e+01
5.02500000000000e-07;3.81746031746032e+01
5.03975000000000e-07;3.60634920634921e+01
5.05450000000000e-07;3.63095238095238e+01
5.06925000000000e-07;3.50714285714286e+01
5.08400000000000e-07;3.31111111111111e+01
5.09875000000000e-07;2.93333333333334e+01
5.11350000000000e-07;2.52936507936508e+01
5.12825000000000e-07;2.01904761904762e+01
5.14300000000000e-07;1.61666666666667e+01
5.15775000000000e-07;1.15396825396825e+01
5.17250000000000e-07;8.07142857142858e+00
5.18725000000000e-07;5.12698412698413e+00
5.20200000000000e-07;2.75396825396826e+00
5.21675000000000e-07;8.49206349206350e-01
5.23150000000000e-07;1.90476190476191e-01
5.24625000000000e-07;-1.90476190476191e-01
5.26100000000000e-07;-6.34920634920635e-02
5.27575000000000e-07;0.00000000000000e+00
5.29050000000000e-07;0.00000000000000e+00
5.30525000000000e-07;0.00000000000000e+00
5.32000000000000e-07;0.00000000000000e+00
5.33475000000000e-07;0.00000000000000e+00
5.34950000000000e-07;0.00000000000000e+00
5.36425000000000e-07;0.00000000000000e+00
5.37900000000000e-07;0.00000000000000e+00
5.39375000000000e-07;0.00000000000000e+00
5.40850000000000e-07;0.00000000000000e+00
5.42325000000000e-07;0.00000000000000e+00
5.43800000000000e-07;0.00000000000000e+00
5.45275000000000e-07;0.00000000000000e+00
5.46750000000000e-07;0.00000000000000e+00
5.48225000000000e-07;0.00000000000000e+00
5.49700000000000e-07;0.00000000000000e+00
5.51175000000000e-07;0.00000000000000e+00
5.52650000000000e-07;0.00000000000000e+00
5.54125000000000e-07;-1.90476190476191e-01
5.55600000000000e-07;-1.74603174603175e-01
5.57075000000000e-07;9.12698412698413e-01
5.58550000000000e-07;2.06349206349207e+00
5.60025000000000e-07;3.56349206349207e+00
5.61500000000000e-07;4.65873015873016e+00
5.62975000000000e-07;4.84126984126984e+00
5.64450000000000e-07;4.53968253968254e+00
5.65925000000000e-07;4.34126984126984e+00
5.67400000000000e-07;3.53174603174603e+00
5.68875000000000e-07;3.20634920634921e+00
5.70350000000000e-07;3.02380952380953e+00
5.71825000000000e-07;3.38888888888889e+00
5.73300000000000e-07;4.03968253968254e+00
5.74775000000000e-07;4.50000000000000e+00
5.76250000000000e-07;4.92857142857143e+00
5.77725000000000e-07;5.31746031746032e+00
5.79200000000000e-07;5.93650793650794e+00
5.80675000000000e-07;6.57142857142858e+00
5.82150000000000e-07;7.88095238095239e+00
5.83625000000000e-07;9.49206349206350e+00
5.85100000000000e-07;1.34285714285714e+01
5.86575000000000e-07;2.03730158730159e+01
5.88050000000000e-07;3.04365079365080e+01
5.89525000000000e-07;4.24285714285715e+01
5.91000000000000e-07;5.42777777777778e+01
5.92475000000000e-07;6.43650793650794e+01
5.93950000000000e-07;7.69920634920635e+01
5.95425000000000e-07;9.31349206349207e+01
5.96900000000000e-07;1.09761904761905e+02
5.98375000000000e-07;1.25880952380952e+02
5.99850000000000e-07;1.39007936507937e+02
6.01325000000000e-07;1.50658730158730e+02
6.02800000000000e-07;1.63730158730159e+02
6.04275000000000e-07;1.79087301587302e+02
6.05750000000000e-07;1.94976190476191e+02
6.07225000000000e-07;2.11031746031746e+02
6.08700000000000e-07;2.25126984126984e+02
6.10175000000000e-07;2.37976190476191e+02
6.11650000000000e-07;2.46936507936508e+02
6.13125000000000e-07;2.52071428571429e+02
6.14600000000000e-07;2.54626984126984e+02
6.16075000000000e-07;2.55563492063492e+02
6.17550000000000e-07;2.55198412698413e+02
6.19025000000000e-07;2.54769841269841e+02
6.20500000000000e-07;2.54246031746032e+02
6.21975000000000e-07;2.54087301587302e+02
6.23450000000000e-07;2.54373015873016e+02
6.24925000000000e-07;2.55936507936508e+02
6.26400000000000e-07;2.55277777777778e+02
6.27875000000000e-07;2.49055555555556e+02
6.29350000000000e-07;2.34936507936508e+02
6.30825000000000e-07;2.12468253968254e+02
6.32300000000000e-07;1.85182539682540e+02
6.33775000000000e-07;1.55380952380952e+02
6.35250000000000e-07;1.26214285714286e+02
6.36725000000000e-07;9.86507936507937e+01
6.38200000000000e-07;7.55952380952381e+01
6.39675000000000e-07;5.65238095238096e+01
6.41150000000000e-07;4.18968253968254e+01
6.42625000000000e-07;2.81666666666667e+01
6.44100000000000e-07;1.81269841269841e+01
6.45575000000000e-07;1.05634920634921e+01
6.47050000000000e-07;7.41269841269842e+00
6.48525000000000e-07;6.43650793650794e+00
6.50000000000000e-07;6.32539682539683e+00
6.51475000000000e-07;5.19047619047619e+00
6.52950000000000e-07;4.07936507936508e+00
6.54425000000000e-07;3.09523809523810e+00
6.55900000000000e-07;2.43650793650794e+00
6.57375000000000e-07;2.07936507936508e+00
6.58850000000000e-07;2.11904761904762e+00
6.60325000000000e-07;2.22222222222222e+00
6.61800000000000e-07;2.34920634920635e+00
6.63275000000000e-07;2.40476190476191e+00
6.64750000000000e-07;2.44444444444445e+00
6.66225000000000e-07;2.49206349206349e+00
6.67700000000000e-07;2.53174603174603e+00
6.69175000000000e-07;2.49206349206349e+00
6.70650000000000e-07;2.46031746031746e+00
6.72125000000000e-07;2.38095238095238e+00
6.73600000000000e-07;2.26984126984127e+00
6.75075000000000e-07;2.21428571428572e+00
6.76550000000000e-07;2.27777777777778e+00
6.78025000000000e-07;2.21428571428572e+00
6.79500000000000e-07;2.11904761904762e+00
6.80975000000000e-07;1.99206349206349e+00
