3.72700000000000e-07;1.10052910052910e+00
3.74175000000000e-07;1.03174603174603e+00
3.75650000000000e-07;9.84126984126984e-01
3.77125000000000e-07;9.57671957671958e-01
3.78600000000000e-07;9.62962962962964e-01
3.80075000000000e-07;9.68253968253969e-01
3.81550000000000e-07;9.84126984126985e-01
3.83025000000000e-07;1.01058201058201e+00
3.84500000000000e-07;1.00000000000000e+00
3.85975000000000e-07;1.01058201058201e+00
3.87450000000000e-07;9.94708994708995e-01
3.88925000000000e-07;9.62962962962964e-01
3.90400000000000e-07;9.25925925925927e-01
3.91875000000000e-07;8.83597883597884e-01
3.93350000000000e-07;8.83597883597884e-01
3.94825000000000e-07;9.25925925925927e-01
3.96300000000000e-07;9.62962962962964e-01
3.97775000000000e-07;9.94708994708995e-01
3.99250000000000e-07;1.01058201058201e+00
4.00725000000000e-07;1.00000000000000e+00
4.02200000000000e-07;1.00000000000000e+00
4.03675000000000e-07;1.00000000000000e+00
4.05150000000000e-07;1.00000000000000e+00
4.06625000000000e-07;1.00000000000000e+00
4.08100000000000e-07;1.00000000000000e+00
4.09575000000000e-07;1.01058201058201e+00
4.11050000000000e-07;9.94708994708996e-01
4.12525000000000e-07;9.62962962962964e-01
4.14000000000000e-07;9.25925925925927e-01
4.15475000000000e-07;8.83597883597884e-01
4.16950000000000e-07;8.83597883597884e-01
4.18425000000000e-07;9.25925925925927e-01
4.19900000000000e-07;9.62962962962964e-01
4.21375000000000e-07;9.94708994708996e-01
4.22850000000000e-07;1.01058201058201e+00
4.24325000000000e-07;1.00000000000000e+00
4.25800000000000e-07;1.00000000000000e+00
4.27275000000000e-07;1.00000000000000e+00
4.28750000000000e-07;1.00000000000000e+00
4.30225000000000e-07;1.00000000000000e+00
4.31700000000000e-07;1.00000000000000e+00
4.33175000000000e-07;1.00000000000000e+00
4.34650000000000e-07;1.00000000000000e+00
4.36125000000000e-07;1.00000000000000e+00
4.37600000000000e-07;1.00000000000000e+00
4.39075000000000e-07;1.00000000000000e+00
4.40550000000000e-07;1.00000000000000e+00
4.42025000000000e-07;1.00000000000000e+00
4.43500000000000e-07;1.00000000000000e+00
4.44975000000000e-07;1.01058201058201e+00
4.46450000000000e-07;9.94708994708996e-01
4.47925000000000e-07;9.62962962962964e-01
4.49400000000000e-07;9.25925925925927e-01
4.50875000000000e-07;8.83597883597884e-01
4.52350000000000e-07;8.83597883597884e-01
4.53825000000000e-07;9.25925925925927e-01
4.55300000000000e-07;9.62962962962964e-01
4.56775000000000e-07;9.94708994708996e-01
4.58250000000000e-07;1.01058201058201e+00
4.59725000000000e-07;1.00000000000000e+00
4.61200000000000e-07;1.00000000000000e+00
4.62675000000000e-07;1.00000000000000e+00
4.64150000000000e-07;1.00000000000000e+00
4.65625000000000e-07;1.00000000000000e+00
4.67100000000000e-07;1.00000000000000e+00
4.68575000000000e-07;1.00000000000000e+00
4.70050000000000e-07;1.00000000000000e+00
4.71525000000000e-07;1.00000000000000e+00
4.73000000000000e-07;1.00000000000000e+00
4.74475000000000e-07;1.00000000000000e+00
4.75950000000000e-07;1.00000000000000e+00
4.77425000000000e-07;1.00000000000000e+00
4.78900000000000e-07;1.00000000000000e+00
4.80375000000000e-07;1.00000000000000e+00
4.81850000000000e-07;1.00000000000000e+00
4.83325000000000e-07;1.00000000000000e+00
4.84800000000000e-07;1.00000000000000e+00
4.86275000000000e-07;1.00000000000000e+00
4.87750000000000e-07;1.00000000000000e+00
4.89225000000000e-07;1.00000000000000e+00
4.90700000000000e-07;1.00000000000000e+00
4.92175000000000e-07;1.03174603174603e+00
4.93650000000000e-07;9.84126984126985e-01
4.95125000000000e-07;8.88888888888890e-01
4.96600000000000e-07;7.77777777777778e-01
4.98075000000000e-07;6.82539682539683e-01
4.99550000000000e-07;6.24338624338625e-01
5.01025000000000e-07;6.93121693121694e-01
5.02500000000000e-07;6.93121693121693e-01
5.03975000000000e-07;6.66666666666667e-01
5.05450000000000e-07;6.34920634920635e-01
5.06925000000000e-07;5.39682539682540e-01
5.08400000000000e-07;5.13227513227514e-01
5.09875000000000e-07;5.82010582010582e-01
5.11350000000000e-07;6.77248677248678e-01
5.12825000000000e-07;7.98941798941800e-01
5.14300000000000e-07;8.57142857142858e-01
5.15775000000000e-07;8.78306878306879e-01
5.17250000000000e-07;8.78306878306879e-01
5.18725000000000e-07;8.41269841269842e-01
5.20200000000000e-07;8.78306878306879e-01
5.21675000000000e-07;9.36507936507937e-01
5.23150000000000e-07;9.89417989417990e-01
5.24625000000000e-07;1.22222222222222e+00
5.26100000000000e-07;1.38095238095238e+00
5.27575000000000e-07;1.47089947089947e+00
5.29050000000000e-07;1.52380952380952e+00
5.30525000000000e-07;1.45502645502646e+00
5.32000000000000e-07;1.40740740740741e+00
5.33475000000000e-07;1.58201058201058e+00
5.34950000000000e-07;1.79365079365080e+00
5.36425000000000e-07;1.92592592592593e+00
5.37900000000000e-07;1.94179894179894e+00
5.39375000000000e-07;1.95767195767196e+00
5.40850000000000e-07;1.96296296296296e+00
5.42325000000000e-07;2.12698412698413e+00
5.43800000000000e-07;2.36507936507937e+00
5.45275000000000e-07;2.56084656084656e+00
5.46750000000000e-07;2.61904761904762e+00
5.48225000000000e-07;2.56613756613757e+00
5.49700000000000e-07;2.34391534391535e+00
5.51175000000000e-07;2.09523809523810e+00
5.52650000000000e-07;2.03174603174603e+00
5.54125000000000e-07;2.06349206349207e+00
5.55600000000000e-07;2.07936507936508e+00
5.57075000000000e-07;2.03703703703704e+00
5.58550000000000e-07;2.19576719576720e+00
5.60025000000000e-07;2.43915343915344e+00
5.61500000000000e-07;2.76719576719577e+00
5.62975000000000e-07;3.16931216931217e+00
5.64450000000000e-07;3.48148148148148e+00
5.65925000000000e-07;3.76190476190476e+00
5.67400000000000e-07;4.23280423280424e+00
5.68875000000000e-07;4.42857142857143e+00
5.70350000000000e-07;4.65079365079365e+00
5.71825000000000e-07;4.95238095238096e+00
5.73300000000000e-07;5.85185185185186e+00
5.74775000000000e-07;7.74603174603175e+00
5.76250000000000e-07;1.13121693121693e+01
5.77725000000000e-07;1.69682539682540e+01
5.79200000000000e-07;2.57724867724868e+01
5.80675000000000e-07;3.73174603174603e+01
5.82150000000000e-07;5.09576719576720e+01
5.83625000000000e-07;6.47830687830688e+01
5.85100000000000e-07;8.39576719576720e+01
5.86575000000000e-07;1.08063492063492e+02
5.88050000000000e-07;1.34185185185185e+02
5.89525000000000e-07;1.60169312169312e+02
5.91000000000000e-07;1.80079365079365e+02
5.92475000000000e-07;1.93063492063492e+02
5.93950000000000e-07;2.06269841269841e+02
5.95425000000000e-07;2.21132275132275e+02
5.96900000000000e-07;2.33306878306879e+02
5.98375000000000e-07;2.42968253968254e+02
5.99850000000000e-07;2.47317460317461e+02
6.01325000000000e-07;2.48037037037037e+02
6.02800000000000e-07;2.46629629629630e+02
6.04275000000000e-07;2.45264550264550e+02
6.05750000000000e-07;2.44835978835979e+02
6.07225000000000e-07;2.45566137566138e+02
6.08700000000000e-07;2.48269841269841e+02
6.10175000000000e-07;2.50899470899471e+02
6.11650000000000e-07;2.51624338624339e+02
6.13125000000000e-07;2.50365079365080e+02
6.14600000000000e-07;2.50984126984127e+02
6.16075000000000e-07;2.51724867724868e+02
6.17550000000000e-07;2.53566137566138e+02
6.19025000000000e-07;2.54391534391535e+02
6.20500000000000e-07;2.54920634920635e+02
6.21975000000000e-07;2.55185185185185e+02
6.23450000000000e-07;2.52904761904762e+02
6.24925000000000e-07;2.47158730158730e+02
6.26400000000000e-07;2.40661375661376e+02
6.27875000000000e-07;2.38984126984127e+02
6.29350000000000e-07;2.43047619047619e+02
6.30825000000000e-07;2.48195767195767e+02
6.32300000000000e-07;2.44888888888889e+02
6.33775000000000e-07;2.28544973544974e+02
6.35250000000000e-07;2.01571428571429e+02
6.36725000000000e-07;1.69936507936508e+02
6.38200000000000e-07;1.40624338624339e+02
6.39675000000000e-07;1.14042328042328e+02
6.41150000000000e-07;9.07777777777778e+01
6.42625000000000e-07;6.98624338624339e+01
6.44100000000000e-07;5.37619047619048e+01
6.45575000000000e-07;4.04074074074074e+01
6.47050000000000e-07;3.24391534391535e+01
6.48525000000000e-07;2.61005291005291e+01
6.50000000000000e-07;2.11111111111111e+01
6.51475000000000e-07;1.51481481481482e+01
6.52950000000000e-07;1.08571428571429e+01
6.54425000000000e-07;7.46031746031747e+00
6.55900000000000e-07;5.61375661375662e+00
6.57375000000000e-07;4.47089947089947e+00
6.58850000000000e-07;4.29100529100529e+00
6.60325000000000e-07;4.01058201058201e+00
6.61800000000000e-07;4.19576719576720e+00
6.63275000000000e-07;3.94708994708995e+00
6.64750000000000e-07;3.60846560846561e+00
6.66225000000000e-07;3.06878306878307e+00
6.67700000000000e-07;2.57671957671958e+00
6.69175000000000e-07;2.30158730158730e+00
6.70650000000000e-07;2.17989417989418e+00
6.72125000000000e-07;2.05291005291005e+00
6.73600000000000e-07;1.94708994708995e+00
6.75075000000000e-07;2.05291005291005e+00
6.76550000000000e-07;2.34391534391535e+00
6.78025000000000e-07;2.31746031746032e+00
6.79500000000000e-07;2.20634920634921e+00
6.80975000000000e-07;2.01058201058201e+00
