3.72700000000000e-07;1.00000000000000e+00
3.74175000000000e-07;1.00000000000000e+00
3.75650000000000e-07;1.00000000000000e+00
3.77125000000000e-07;1.00000000000000e+00
3.78600000000000e-07;1.00000000000000e+00
3.80075000000000e-07;1.02721088435374e+00
3.81550000000000e-07;9.86394557823130e-01
3.83025000000000e-07;9.04761904761905e-01
3.84500000000000e-07;8.09523809523810e-01
3.85975000000000e-07;7.00680272108844e-01
3.87450000000000e-07;7.00680272108844e-01
3.88925000000000e-07;8.09523809523810e-01
3.90400000000000e-07;9.18367346938776e-01
3.91875000000000e-07;9.65986394557824e-01
3.93350000000000e-07;9.86394557823130e-01
3.94825000000000e-07;9.52380952380953e-01
3.96300000000000e-07;9.59183673469388e-01
3.97775000000000e-07;1.02040816326531e+00
3.99250000000000e-07;9.93197278911565e-01
4.00725000000000e-07;8.57142857142858e-01
4.02200000000000e-07;7.14285714285715e-01
4.03675000000000e-07;5.37414965986395e-01
4.05150000000000e-07;5.71428571428572e-01
4.06625000000000e-07;7.55102040816327e-01
4.08100000000000e-07;9.04761904761905e-01
4.09575000000000e-07;1.02040816326531e+00
4.11050000000000e-07;1.06122448979592e+00
4.12525000000000e-07;9.86394557823130e-01
4.14000000000000e-07;1.00000000000000e+00
4.15475000000000e-07;1.02721088435374e+00
4.16950000000000e-07;9.86394557823130e-01
4.18425000000000e-07;8.77551020408164e-01
4.19900000000000e-07;8.23129251700681e-01
4.21375000000000e-07;8.23129251700681e-01
4.22850000000000e-07;8.77551020408164e-01
4.24325000000000e-07;1.01360544217687e+00
4.25800000000000e-07;1.01360544217687e+00
4.27275000000000e-07;8.77551020408164e-01
4.28750000000000e-07;8.23129251700681e-01
4.30225000000000e-07;8.23129251700681e-01
4.31700000000000e-07;8.77551020408164e-01
4.33175000000000e-07;9.86394557823130e-01
4.34650000000000e-07;1.02721088435374e+00
4.36125000000000e-07;1.00000000000000e+00
4.37600000000000e-07;1.00000000000000e+00
4.39075000000000e-07;1.00000000000000e+00
4.40550000000000e-07;1.01360544217687e+00
4.42025000000000e-07;1.02040816326531e+00
4.43500000000000e-07;9.25170068027212e-01
4.44975000000000e-07;8.16326530612246e-01
4.46450000000000e-07;7.07482993197279e-01
4.47925000000000e-07;6.59863945578232e-01
4.49400000000000e-07;7.34693877551021e-01
4.50875000000000e-07;8.84353741496599e-01
4.52350000000000e-07;9.25170068027212e-01
4.53825000000000e-07;9.79591836734695e-01
4.55300000000000e-07;9.59183673469388e-01
4.56775000000000e-07;9.25170068027212e-01
4.58250000000000e-07;9.04761904761905e-01
4.59725000000000e-07;7.89115646258504e-01
4.61200000000000e-07;6.66666666666667e-01
4.62675000000000e-07;5.98639455782313e-01
4.64150000000000e-07;6.32653061224490e-01
4.65625000000000e-07;7.82312925170069e-01
4.67100000000000e-07;9.38775510204082e-01
4.68575000000000e-07;9.31972789115647e-01
4.70050000000000e-07;8.84353741496599e-01
4.71525000000000e-07;7.68707482993198e-01
4.73000000000000e-07;7.07482993197279e-01
4.74475000000000e-07;7.14285714285715e-01
4.75950000000000e-07;7.07482993197279e-01
4.77425000000000e-07;6.66666666666667e-01
4.78900000000000e-07;6.19047619047620e-01
4.80375000000000e-07;5.51020408163266e-01
4.81850000000000e-07;5.71428571428572e-01
4.83325000000000e-07;6.93877551020409e-01
4.84800000000000e-07;7.48299319727892e-01
4.86275000000000e-07;7.61904761904763e-01
4.87750000000000e-07;6.87074829931973e-01
4.89225000000000e-07;5.51020408163266e-01
4.90700000000000e-07;4.14965986394558e-01
4.92175000000000e-07;4.01360544217687e-01
4.93650000000000e-07;4.14965986394558e-01
4.95125000000000e-07;5.10204081632653e-01
4.96600000000000e-07;5.30612244897960e-01
4.98075000000000e-07;5.30612244897960e-01
4.99550000000000e-07;3.53741496598640e-01
5.01025000000000e-07;2.24489795918368e-01
5.02500000000000e-07;1.08843537414966e-01
5.03975000000000e-07;6.12244897959184e-02
5.05450000000000e-07;1.36054421768708e-02
5.06925000000000e-07;2.04081632653061e-02
5.08400000000000e-07;-1.36054421768708e-02
5.09875000000000e-07;0.00000000000000e+00
5.11350000000000e-07;0.00000000000000e+00
5.12825000000000e-07;0.00000000000000e+00
5.14300000000000e-07;0.00000000000000e+00
5.15775000000000e-07;0.00000000000000e+00
5.17250000000000e-07;0.00000000000000e+00
5.18725000000000e-07;0.00000000000000e+00
5.20200000000000e-07;0.00000000000000e+00
5.21675000000000e-07;0.00000000000000e+00
5.23150000000000e-07;0.00000000000000e+00
5.24625000000000e-07;0.00000000000000e+00
5.26100000000000e-07;0.00000000000000e+00
5.27575000000000e-07;0.00000000000000e+00
5.29050000000000e-07;0.00000000000000e+00
5.30525000000000e-07;0.00000000000000e+00
5.32000000000000e-07;0.00000000000000e+00
5.33475000000000e-07;0.00000000000000e+00
5.34950000000000e-07;0.00000000000000e+00
5.36425000000000e-07;0.00000000000000e+00
5.37900000000000e-07;0.00000000000000e+00
5.39375000000000e-07;0.00000000000000e+00
5.40850000000000e-07;0.00000000000000e+00
5.42325000000000e-07;0.00000000000000e+00
5.43800000000000e-07;0.00000000000000e+00
5.45275000000000e-07;-1.36054421768708e-02
5.46750000000000e-07;6.80272108843538e-03
5.48225000000000e-07;3.40136054421769e-02
5.49700000000000e-07;7.48299319727892e-02
5.51175000000000e-07;1.70068027210884e-01
5.52650000000000e-07;3.46938775510204e-01
5.54125000000000e-07;5.44217687074830e-01
5.55600000000000e-07;8.77551020408164e-01
5.57075000000000e-07;9.65986394557824e-01
5.58550000000000e-07;1.05442176870748e+00
5.60025000000000e-07;1.19727891156463e+00
5.61500000000000e-07;1.21768707482993e+00
5.62975000000000e-07;1.14965986394558e+00
5.64450000000000e-07;1.08843537414966e+00
5.65925000000000e-07;8.97959183673470e-01
5.67400000000000e-07;8.02721088435375e-01
5.68875000000000e-07;9.86394557823130e-01
5.70350000000000e-07;1.40816326530612e+00
5.71825000000000e-07;2.16326530612245e+00
5.73300000000000e-07;3.11564625850340e+00
5.74775000000000e-07;4.40816326530612e+00
5.76250000000000e-07;5.65306122448980e+00
5.77725000000000e-07;7.24489795918368e+00
5.79200000000000e-07;9.59863945578232e+00
5.80675000000000e-07;1.18095238095238e+01
5.82150000000000e-07;1.44421768707483e+01
5.83625000000000e-07;1.56394557823129e+01
5.85100000000000e-07;1.80748299319728e+01
5.86575000000000e-07;2.02108843537415e+01
5.88050000000000e-07;2.26394557823129e+01
5.89525000000000e-07;2.41020408163266e+01
5.91000000000000e-07;2.52380952380953e+01
5.92475000000000e-07;2.42380952380953e+01
5.93950000000000e-07;2.20068027210885e+01
5.95425000000000e-07;1.86666666666667e+01
5.96900000000000e-07;1.55374149659864e+01
5.98375000000000e-07;1.30816326530612e+01
5.99850000000000e-07;1.46054421768708e+01
6.01325000000000e-07;2.10408163265306e+01
6.02800000000000e-07;3.05306122448980e+01
6.04275000000000e-07;4.24489795918368e+01
6.05750000000000e-07;5.62993197278912e+01
6.07225000000000e-07;7.23809523809524e+01
6.08700000000000e-07;9.16870748299320e+01
6.10175000000000e-07;1.11564625850340e+02
6.11650000000000e-07;1.28836734693878e+02
6.13125000000000e-07;1.40040816326531e+02
6.14600000000000e-07;1.56503401360544e+02
6.16075000000000e-07;1.75741496598640e+02
6.17550000000000e-07;1.96598639455782e+02
6.19025000000000e-07;2.13265306122449e+02
6.20500000000000e-07;2.19428571428572e+02
6.21975000000000e-07;2.10632653061225e+02
6.23450000000000e-07;1.95374149659864e+02
6.24925000000000e-07;1.64884353741497e+02
6.26400000000000e-07;1.22829931972789e+02
6.27875000000000e-07;7.50068027210885e+01
6.29350000000000e-07;3.59047619047619e+01
6.30825000000000e-07;1.08571428571429e+01
6.32300000000000e-07;3.27891156462585e+00
6.33775000000000e-07;3.22448979591837e+00
6.35250000000000e-07;4.05442176870749e+00
6.36725000000000e-07;1.91156462585034e+00
6.38200000000000e-07;8.91156462585035e-01
6.39675000000000e-07;-8.84353741496600e-02
6.41150000000000e-07;6.12244897959184e-02
6.42625000000000e-07;5.10204081632654e-01
6.44100000000000e-07;5.78231292517007e-01
6.45575000000000e-07;6.19047619047619e-01
6.47050000000000e-07;4.35374149659864e-01
6.48525000000000e-07;2.24489795918368e-01
6.50000000000000e-07;-2.24489795918368e-01
6.51475000000000e-07;3.06122448979592e-01
6.52950000000000e-07;6.59863945578232e-01
6.54425000000000e-07;1.18367346938776e+00
6.55900000000000e-07;1.51020408163265e+00
6.57375000000000e-07;1.64625850340136e+00
6.58850000000000e-07;1.36734693877551e+00
6.60325000000000e-07;1.10884353741497e+00
6.61800000000000e-07;7.34693877551021e-01
6.63275000000000e-07;6.53061224489796e-01
6.64750000000000e-07;4.55782312925170e-01
6.66225000000000e-07;4.14965986394558e-01
6.67700000000000e-07;3.46938775510204e-01
6.69175000000000e-07;1.63265306122449e-01
6.70650000000000e-07;1.36054421768708e-01
6.72125000000000e-07;2.44897959183674e-01
6.73600000000000e-07;1.63265306122449e-01
6.75075000000000e-07;1.63265306122449e-01
6.76550000000000e-07;2.17687074829932e-01
6.78025000000000e-07;2.44897959183673e-01
6.79500000000000e-07;2.65306122448980e-01
6.80975000000000e-07;2.78911564625851e-01
