3.72700000000000e-07;1.00000000000000e+00
3.74175000000000e-07;1.00000000000000e+00
3.75650000000000e-07;1.00000000000000e+00
3.77125000000000e-07;1.00000000000000e+00
3.78600000000000e-07;1.00000000000000e+00
3.80075000000000e-07;1.02721088435374e+00
3.81550000000000e-07;9.86394557823130e-01
3.83025000000000e-07;9.04761904761905e-01
3.84500000000000e-07;8.09523809523810e-01
3.85975000000000e-07;7.00680272108844e-01
3.87450000000000e-07;7.00680272108844e-01
3.88925000000000e-07;8.09523809523810e-01
3.90400000000000e-07;9.18367346938776e-01
3.91875000000000e-07;9.65986394557824e-01
3.93350000000000e-07;9.86394557823130e-01
3.94825000000000e-07;9.52380952380953e-01
3.96300000000000e-07;9.59183673469388e-01
3.97775000000000e-07;1.02040816326531e+00
3.99250000000000e-07;9.93197278911565e-01
4.00725000000000e-07;8.57142857142858e-01
4.02200000000000e-07;7.14285714285715e-01
4.03675000000000e-07;5.37414965986395e-01
4.05150000000000e-07;5.71428571428572e-01
4.06625000000000e-07;7.55102040816327e-01
4.08100000000000e-07;9.04761904761905e-01
4.09575000000000e-07;1.02040816326531e+00
4.11050000000000e-07;1.06122448979592e+00
4.12525000000000e-07;9.86394557823130e-01
4.14000000000000e-07;1.00000000000000e+00
4.15475000000000e-07;1.02721088435374e+00
4.16950000000000e-07;9.86394557823130e-01
4.18425000000000e-07;8.77551020408164e-01
4.19900000000000e-07;8.23129251700681e-01
4.21375000000000e-07;8.23129251700681e-01
4.22850000000000e-07;8.77551020408164e-01
4.24325000000000e-07;1.01360544217687e+00
4.25800000000000e-07;1.01360544217687e+00
4.27275000000000e-07;8.77551020408164e-01
4.28750000000000e-07;8.23129251700681e-01
4.30225000000000e-07;8.23129251700681e-01
4.31700000000000e-07;8.77551020408164e-01
4.33175000000000e-07;9.86394557823130e-01
4.34650000000000e-07;1.02721088435374e+00
4.36125000000000e-07;1.00000000000000e+00
4.37600000000000e-07;1.00000000000000e+00
4.39075000000000e-07;1.00000000000000e+00
4.40550000000000e-07;1.01360544217687e+00
4.42025000000000e-07;1.02040816326531e+00
4.43500000000000e-07;9.25170068027212e-01
4.44975000000000e-07;8.16326530612246e-01
4.46450000000000e-07;7.07482993197279e-01
4.47925000000000e-07;6.59863945578232e-01
4.49400000000000e-07;7.34693877551021e-01
4.50875000000000e-07;8.57142857142858e-01
4.52350000000000e-07;9.25170068027212e-01
4.53825000000000e-07;1.09523809523810e+00
4.55300000000000e-07;1.17687074829932e+00
4.56775000000000e-07;1.25170068027211e+00
4.58250000000000e-07;1.31972789115646e+00
4.59725000000000e-07;1.21088435374150e+00
4.61200000000000e-07;1.01360544217687e+00
4.62675000000000e-07;8.50340136054422e-01
4.64150000000000e-07;7.34693877551021e-01
4.65625000000000e-07;7.41496598639456e-01
4.67100000000000e-07;8.91156462585035e-01
4.68575000000000e-07;1.12244897959184e+00
4.70050000000000e-07;1.29931972789116e+00
4.71525000000000e-07;1.36734693877551e+00
4.73000000000000e-07;1.39455782312925e+00
4.74475000000000e-07;1.29931972789116e+00
4.75950000000000e-07;1.25850340136055e+00
4.77425000000000e-07;1.38775510204082e+00
4.78900000000000e-07;1.52380952380952e+00
4.80375000000000e-07;1.62585034013606e+00
4.81850000000000e-07;1.76190476190476e+00
4.83325000000000e-07;1.80272108843538e+00
4.84800000000000e-07;1.83673469387755e+00
4.86275000000000e-07;1.99319727891157e+00
4.87750000000000e-07;2.06122448979592e+00
4.89225000000000e-07;2.04081632653061e+00
4.90700000000000e-07;1.96598639455782e+00
4.92175000000000e-07;1.87074829931973e+00
4.93650000000000e-07;1.81632653061225e+00
4.95125000000000e-07;1.92517006802721e+00
4.96600000000000e-07;1.96598639455782e+00
4.98075000000000e-07;1.96598639455782e+00
4.99550000000000e-07;1.88435374149660e+00
5.01025000000000e-07;1.95238095238095e+00
5.02500000000000e-07;2.02040816326531e+00
5.03975000000000e-07;2.08843537414966e+00
5.05450000000000e-07;2.09523809523810e+00
5.06925000000000e-07;2.04081632653061e+00
5.08400000000000e-07;1.97278911564626e+00
5.09875000000000e-07;2.00000000000000e+00
5.11350000000000e-07;2.00000000000000e+00
5.12825000000000e-07;2.00000000000000e+00
5.14300000000000e-07;2.00000000000000e+00
5.15775000000000e-07;2.00000000000000e+00
5.17250000000000e-07;2.00000000000000e+00
5.18725000000000e-07;2.00000000000000e+00
5.20200000000000e-07;2.00000000000000e+00
5.21675000000000e-07;2.00000000000000e+00
5.23150000000000e-07;1.98639455782313e+00
5.24625000000000e-07;2.02040816326531e+00
5.26100000000000e-07;2.04081632653061e+00
5.27575000000000e-07;2.04761904761905e+00
5.29050000000000e-07;2.04081632653061e+00
5.30525000000000e-07;2.02040816326531e+00
5.32000000000000e-07;1.98639455782313e+00
5.33475000000000e-07;2.00000000000000e+00
5.34950000000000e-07;2.00000000000000e+00
5.36425000000000e-07;2.00000000000000e+00
5.37900000000000e-07;2.00000000000000e+00
5.39375000000000e-07;2.00000000000000e+00
5.40850000000000e-07;2.00000000000000e+00
5.42325000000000e-07;2.00000000000000e+00
5.43800000000000e-07;1.98639455782313e+00
5.45275000000000e-07;1.96598639455782e+00
5.46750000000000e-07;2.08163265306123e+00
5.48225000000000e-07;2.16326530612245e+00
5.49700000000000e-07;2.40816326530612e+00
5.51175000000000e-07;2.68027210884354e+00
5.52650000000000e-07;2.87074829931973e+00
5.54125000000000e-07;3.21088435374150e+00
5.55600000000000e-07;3.69387755102041e+00
5.57075000000000e-07;4.19047619047619e+00
5.58550000000000e-07;4.79591836734694e+00
5.60025000000000e-07;5.22448979591837e+00
5.61500000000000e-07;5.38095238095239e+00
5.62975000000000e-07;5.36734693877551e+00
5.64450000000000e-07;5.46938775510204e+00
5.65925000000000e-07;5.79591836734694e+00
5.67400000000000e-07;6.24489795918368e+00
5.68875000000000e-07;6.57142857142858e+00
5.70350000000000e-07;7.21768707482994e+00
5.71825000000000e-07;7.93877551020409e+00
5.73300000000000e-07;9.94557823129252e+00
5.74775000000000e-07;1.35306122448980e+01
5.76250000000000e-07;1.92721088435374e+01
5.77725000000000e-07;2.76054421768708e+01
5.79200000000000e-07;3.94013605442177e+01
5.80675000000000e-07;5.39387755102041e+01
5.82150000000000e-07;7.12857142857143e+01
5.83625000000000e-07;8.92244897959184e+01
5.85100000000000e-07;1.12687074829932e+02
5.86575000000000e-07;1.40380952380952e+02
5.88050000000000e-07;1.68462585034014e+02
5.89525000000000e-07;1.95428571428572e+02
5.91000000000000e-07;2.16190476190476e+02
5.92475000000000e-07;2.29761904761905e+02
5.93950000000000e-07;2.38183673469388e+02
5.95425000000000e-07;2.44047619047619e+02
5.96900000000000e-07;2.45224489795919e+02
5.98375000000000e-07;2.44945578231293e+02
5.99850000000000e-07;2.43979591836735e+02
6.01325000000000e-07;2.45789115646259e+02
6.02800000000000e-07;2.46653061224490e+02
6.04275000000000e-07;2.48605442176871e+02
6.05750000000000e-07;2.49020408163265e+02
6.07225000000000e-07;2.49170068027211e+02
6.08700000000000e-07;2.50462585034014e+02
6.10175000000000e-07;2.52557823129252e+02
6.11650000000000e-07;2.53829931972789e+02
6.13125000000000e-07;2.54190476190476e+02
6.14600000000000e-07;2.54122448979592e+02
6.16075000000000e-07;2.54068027210885e+02
6.17550000000000e-07;2.54585034013606e+02
6.19025000000000e-07;2.53789115646259e+02
6.20500000000000e-07;2.53176870748299e+02
6.21975000000000e-07;2.53585034013606e+02
6.23450000000000e-07;2.54557823129252e+02
6.24925000000000e-07;2.54598639455782e+02
6.26400000000000e-07;2.48224489795919e+02
6.27875000000000e-07;2.39959183673470e+02
6.29350000000000e-07;2.35081632653061e+02
6.30825000000000e-07;2.37625850340136e+02
6.32300000000000e-07;2.43945578231293e+02
6.33775000000000e-07;2.46489795918367e+02
6.35250000000000e-07;2.33224489795919e+02
6.36725000000000e-07;2.08040816326531e+02
6.38200000000000e-07;1.78346938775510e+02
6.39675000000000e-07;1.49408163265306e+02
6.41150000000000e-07;1.23068027210884e+02
6.42625000000000e-07;9.91496598639456e+01
6.44100000000000e-07;7.90612244897960e+01
6.45575000000000e-07;6.27619047619048e+01
6.47050000000000e-07;5.25102040816327e+01
6.48525000000000e-07;4.33945578231293e+01
6.50000000000000e-07;3.50952380952381e+01
6.51475000000000e-07;2.59591836734694e+01
6.52950000000000e-07;1.91632653061225e+01
6.54425000000000e-07;1.38911564625850e+01
6.55900000000000e-07;1.08843537414966e+01
6.57375000000000e-07;8.88435374149661e+00
6.58850000000000e-07;8.30612244897960e+00
6.60325000000000e-07;7.89115646258504e+00
6.61800000000000e-07;7.71428571428572e+00
6.63275000000000e-07;7.14965986394558e+00
6.64750000000000e-07;6.43537414965987e+00
6.66225000000000e-07;5.48979591836735e+00
6.67700000000000e-07;4.74829931972789e+00
6.69175000000000e-07;4.26530612244898e+00
6.70650000000000e-07;4.06122448979592e+00
6.72125000000000e-07;3.85714285714286e+00
6.73600000000000e-07;3.55102040816327e+00
6.75075000000000e-07;3.23129251700680e+00
6.76550000000000e-07;3.04081632653061e+00
6.78025000000000e-07;2.83673469387755e+00
6.79500000000000e-07;2.67346938775511e+00
6.80975000000000e-07;2.55102040816327e+00
