3.72700000000000e-07;1.00000000000000e+00
3.74175000000000e-07;1.00000000000000e+00
3.75650000000000e-07;1.00000000000000e+00
3.77125000000000e-07;1.00000000000000e+00
3.78600000000000e-07;1.00000000000000e+00
3.80075000000000e-07;1.00000000000000e+00
3.81550000000000e-07;1.00000000000000e+00
3.83025000000000e-07;1.00000000000000e+00
3.84500000000000e-07;1.00000000000000e+00
3.85975000000000e-07;1.00000000000000e+00
3.87450000000000e-07;1.00000000000000e+00
3.88925000000000e-07;1.00000000000000e+00
3.90400000000000e-07;1.00000000000000e+00
3.91875000000000e-07;1.00000000000000e+00
3.93350000000000e-07;1.00000000000000e+00
3.94825000000000e-07;1.00000000000000e+00
3.96300000000000e-07;1.00000000000000e+00
3.97775000000000e-07;1.00000000000000e+00
3.99250000000000e-07;1.00000000000000e+00
4.00725000000000e-07;1.00000000000000e+00
4.02200000000000e-07;1.00000000000000e+00
4.03675000000000e-07;1.00000000000000e+00
4.05150000000000e-07;1.00000000000000e+00
4.06625000000000e-07;1.00000000000000e+00
4.08100000000000e-07;1.00000000000000e+00
4.09575000000000e-07;1.00000000000000e+00
4.11050000000000e-07;1.00000000000000e+00
4.12525000000000e-07;1.00000000000000e+00
4.14000000000000e-07;1.00000000000000e+00
4.15475000000000e-07;1.00000000000000e+00
4.16950000000000e-07;1.00000000000000e+00
4.18425000000000e-07;1.00000000000000e+00
4.19900000000000e-07;1.00000000000000e+00
4.21375000000000e-07;1.00000000000000e+00
4.22850000000000e-07;1.00000000000000e+00
4.24325000000000e-07;1.00000000000000e+00
4.25800000000000e-07;1.00000000000000e+00
4.27275000000000e-07;1.00000000000000e+00
4.28750000000000e-07;1.00000000000000e+00
4.30225000000000e-07;1.00000000000000e+00
4.31700000000000e-07;1.00000000000000e+00
4.33175000000000e-07;1.00000000000000e+00
4.34650000000000e-07;1.00000000000000e+00
4.36125000000000e-07;1.00000000000000e+00
4.37600000000000e-07;1.00000000000000e+00
4.39075000000000e-07;1.00000000000000e+00
4.40550000000000e-07;1.00000000000000e+00
4.42025000000000e-07;1.00000000000000e+00
4.43500000000000e-07;1.00000000000000e+00
4.44975000000000e-07;1.00000000000000e+00
4.46450000000000e-07;1.00000000000000e+00
4.47925000000000e-07;1.00000000000000e+00
4.49400000000000e-07;1.00000000000000e+00
4.50875000000000e-07;1.00000000000000e+00
4.52350000000000e-07;1.00000000000000e+00
4.53825000000000e-07;1.00000000000000e+00
4.55300000000000e-07;1.00000000000000e+00
4.56775000000000e-07;1.00000000000000e+00
4.58250000000000e-07;1.00000000000000e+00
4.59725000000000e-07;1.00000000000000e+00
4.61200000000000e-07;1.00000000000000e+00
4.62675000000000e-07;1.00000000000000e+00
4.64150000000000e-07;1.00000000000000e+00
4.65625000000000e-07;1.00000000000000e+00
4.67100000000000e-07;1.00000000000000e+00
4.68575000000000e-07;1.00000000000000e+00
4.70050000000000e-07;1.00000000000000e+00
4.71525000000000e-07;1.00000000000000e+00
4.73000000000000e-07;1.00000000000000e+00
4.74475000000000e-07;1.00000000000000e+00
4.75950000000000e-07;1.00000000000000e+00
4.77425000000000e-07;1.00000000000000e+00
4.78900000000000e-07;1.00000000000000e+00
4.80375000000000e-07;1.00000000000000e+00
4.81850000000000e-07;1.00000000000000e+00
4.83325000000000e-07;1.00000000000000e+00
4.84800000000000e-07;1.00000000000000e+00
4.86275000000000e-07;1.00000000000000e+00
4.87750000000000e-07;1.00000000000000e+00
4.89225000000000e-07;1.00000000000000e+00
4.90700000000000e-07;1.00000000000000e+00
4.92175000000000e-07;1.00000000000000e+00
4.93650000000000e-07;1.00000000000000e+00
4.95125000000000e-07;1.00000000000000e+00
4.96600000000000e-07;1.00000000000000e+00
4.98075000000000e-07;1.00000000000000e+00
4.99550000000000e-07;1.00000000000000e+00
5.01025000000000e-07;1.00000000000000e+00
5.02500000000000e-07;1.00000000000000e+00
5.03975000000000e-07;1.00000000000000e+00
5.05450000000000e-07;1.00000000000000e+00
5.06925000000000e-07;1.00000000000000e+00
5.08400000000000e-07;1.00000000000000e+00
5.09875000000000e-07;1.02721088435374e+00
5.11350000000000e-07;9.86394557823130e-01
5.12825000000000e-07;8.91156462585035e-01
5.14300000000000e-07;8.16326530612246e-01
5.15775000000000e-07;7.75510204081633e-01
5.17250000000000e-07;7.68707482993198e-01
5.18725000000000e-07;8.70748299319729e-01
5.20200000000000e-07;9.11564625850341e-01
5.21675000000000e-07;9.18367346938776e-01
5.23150000000000e-07;8.91156462585035e-01
5.24625000000000e-07;8.16326530612245e-01
5.26100000000000e-07;7.55102040816327e-01
5.27575000000000e-07;7.41496598639456e-01
5.29050000000000e-07;8.09523809523810e-01
5.30525000000000e-07;9.59183673469388e-01
5.32000000000000e-07;1.05442176870748e+00
5.33475000000000e-07;1.10884353741497e+00
5.34950000000000e-07;1.06122448979592e+00
5.36425000000000e-07;9.11564625850341e-01
5.37900000000000e-07;7.68707482993198e-01
5.39375000000000e-07;7.27891156462586e-01
5.40850000000000e-07;7.75510204081633e-01
5.42325000000000e-07;9.59183673469388e-01
5.43800000000000e-07;1.08843537414966e+00
5.45275000000000e-07;1.25170068027211e+00
5.46750000000000e-07;1.38095238095238e+00
5.48225000000000e-07;1.78231292517007e+00
5.49700000000000e-07;2.08843537414966e+00
5.51175000000000e-07;2.26530612244898e+00
5.52650000000000e-07;2.23129251700680e+00
5.54125000000000e-07;2.10204081632653e+00
5.55600000000000e-07;1.93197278911565e+00
5.57075000000000e-07;1.94557823129252e+00
5.58550000000000e-07;2.06802721088436e+00
5.60025000000000e-07;2.17006802721089e+00
5.61500000000000e-07;2.21088435374150e+00
5.62975000000000e-07;2.25850340136055e+00
5.64450000000000e-07;2.29251700680272e+00
5.65925000000000e-07;2.32653061224490e+00
5.67400000000000e-07;2.63265306122449e+00
5.68875000000000e-07;2.78911564625851e+00
5.70350000000000e-07;2.94557823129252e+00
5.71825000000000e-07;3.05442176870749e+00
5.73300000000000e-07;3.78231292517007e+00
5.74775000000000e-07;5.22448979591837e+00
5.76250000000000e-07;7.89795918367348e+00
5.77725000000000e-07;1.20136054421769e+01
5.79200000000000e-07;1.84897959183674e+01
5.80675000000000e-07;2.70000000000000e+01
5.82150000000000e-07;3.79455782312925e+01
5.83625000000000e-07;4.93741496598640e+01
5.85100000000000e-07;6.62721088435375e+01
5.86575000000000e-07;8.85782312925171e+01
5.88050000000000e-07;1.13367346938776e+02
5.89525000000000e-07;1.37775510204082e+02
5.91000000000000e-07;1.56891156462585e+02
5.92475000000000e-07;1.69551020408163e+02
5.93950000000000e-07;1.82013605442177e+02
5.95425000000000e-07;1.96857142857143e+02
5.96900000000000e-07;2.10850340136055e+02
5.98375000000000e-07;2.24340136054422e+02
5.99850000000000e-07;2.34346938775510e+02
6.01325000000000e-07;2.42510204081633e+02
6.02800000000000e-07;2.48000000000000e+02
6.04275000000000e-07;2.52557823129252e+02
6.05750000000000e-07;2.52775510204082e+02
6.07225000000000e-07;2.50013605442177e+02
6.08700000000000e-07;2.45979591836735e+02
6.10175000000000e-07;2.43993197278912e+02
6.11650000000000e-07;2.44918367346939e+02
6.13125000000000e-07;2.48040816326531e+02
6.14600000000000e-07;2.51428571428572e+02
6.16075000000000e-07;2.53564625850340e+02
6.17550000000000e-07;2.54333333333334e+02
6.19025000000000e-07;2.54530612244898e+02
6.20500000000000e-07;2.56081632653061e+02
6.21975000000000e-07;2.54632653061225e+02
6.23450000000000e-07;2.48857142857143e+02
6.24925000000000e-07;2.45578231292517e+02
6.26400000000000e-07;2.46149659863946e+02
6.27875000000000e-07;2.49306122448980e+02
6.29350000000000e-07;2.49972789115646e+02
6.30825000000000e-07;2.40340136054422e+02
6.32300000000000e-07;2.18190476190476e+02
6.33775000000000e-07;1.89047619047619e+02
6.35250000000000e-07;1.57836734693878e+02
6.36725000000000e-07;1.26503401360544e+02
6.38200000000000e-07;9.91088435374150e+01
6.39675000000000e-07;7.59319727891157e+01
6.41150000000000e-07;5.77482993197279e+01
6.42625000000000e-07;4.16462585034014e+01
6.44100000000000e-07;3.00544217687075e+01
6.45575000000000e-07;2.07210884353742e+01
6.47050000000000e-07;1.62448979591837e+01
6.48525000000000e-07;1.33401360544218e+01
6.50000000000000e-07;1.11768707482993e+01
6.51475000000000e-07;8.29931972789116e+00
6.52950000000000e-07;6.07482993197279e+00
6.54425000000000e-07;4.19047619047619e+00
6.55900000000000e-07;3.23809523809524e+00
6.57375000000000e-07;2.73469387755102e+00
6.58850000000000e-07;2.77551020408163e+00
6.60325000000000e-07;2.87755102040817e+00
6.61800000000000e-07;2.82312925170068e+00
6.63275000000000e-07;2.45578231292517e+00
6.64750000000000e-07;2.34693877551021e+00
6.66225000000000e-07;2.30612244897959e+00
6.67700000000000e-07;2.20408163265306e+00
6.69175000000000e-07;2.25170068027211e+00
6.70650000000000e-07;2.37414965986395e+00
6.72125000000000e-07;2.36734693877551e+00
6.73600000000000e-07;2.17006802721089e+00
6.75075000000000e-07;1.76870748299320e+00
6.76550000000000e-07;1.19047619047619e+00
6.78025000000000e-07;9.59183673469390e-01
6.79500000000000e-07;8.87755102040819e-01
6.80975000000000e-07;9.76190476190480e-01
