3.72700000000000e-07;1.00000000000000e+00
3.74175000000000e-07;1.00000000000000e+00
3.75650000000000e-07;1.00000000000000e+00
3.77125000000000e-07;1.00000000000000e+00
3.78600000000000e-07;1.00000000000000e+00
3.80075000000000e-07;1.00000000000000e+00
3.81550000000000e-07;1.00000000000000e+00
3.83025000000000e-07;1.00000000000000e+00
3.84500000000000e-07;1.00000000000000e+00
3.85975000000000e-07;1.02116402116402e+00
3.87450000000000e-07;9.89417989417990e-01
3.88925000000000e-07;9.25925925925927e-01
3.90400000000000e-07;8.51851851851853e-01
3.91875000000000e-07;7.67195767195768e-01
3.93350000000000e-07;7.67195767195768e-01
3.94825000000000e-07;8.51851851851853e-01
3.96300000000000e-07;9.25925925925927e-01
3.97775000000000e-07;9.89417989417990e-01
3.99250000000000e-07;1.02116402116402e+00
4.00725000000000e-07;1.00000000000000e+00
4.02200000000000e-07;1.00000000000000e+00
4.03675000000000e-07;1.00000000000000e+00
4.05150000000000e-07;1.00000000000000e+00
4.06625000000000e-07;1.00000000000000e+00
4.08100000000000e-07;1.00000000000000e+00
4.09575000000000e-07;1.00000000000000e+00
4.11050000000000e-07;1.00000000000000e+00
4.12525000000000e-07;1.00000000000000e+00
4.14000000000000e-07;1.00000000000000e+00
4.15475000000000e-07;1.00000000000000e+00
4.16950000000000e-07;1.00000000000000e+00
4.18425000000000e-07;1.00000000000000e+00
4.19900000000000e-07;1.00000000000000e+00
4.21375000000000e-07;1.00000000000000e+00
4.22850000000000e-07;1.00000000000000e+00
4.24325000000000e-07;1.01058201058201e+00
4.25800000000000e-07;9.94708994708995e-01
4.27275000000000e-07;9.52380952380953e-01
4.28750000000000e-07;9.31216931216932e-01
4.30225000000000e-07;9.31216931216932e-01
4.31700000000000e-07;9.52380952380953e-01
4.33175000000000e-07;9.94708994708995e-01
4.34650000000000e-07;1.01058201058201e+00
4.36125000000000e-07;1.01058201058201e+00
4.37600000000000e-07;9.94708994708995e-01
4.39075000000000e-07;9.52380952380953e-01
4.40550000000000e-07;9.31216931216932e-01
4.42025000000000e-07;9.31216931216932e-01
4.43500000000000e-07;9.52380952380953e-01
4.44975000000000e-07;9.94708994708995e-01
4.46450000000000e-07;1.01058201058201e+00
4.47925000000000e-07;1.00000000000000e+00
4.49400000000000e-07;1.00000000000000e+00
4.50875000000000e-07;1.00000000000000e+00
4.52350000000000e-07;1.00000000000000e+00
4.53825000000000e-07;1.00000000000000e+00
4.55300000000000e-07;9.89417989417990e-01
4.56775000000000e-07;1.01587301587302e+00
4.58250000000000e-07;1.03174603174603e+00
4.59725000000000e-07;1.03703703703704e+00
4.61200000000000e-07;1.04232804232804e+00
4.62675000000000e-07;1.02116402116402e+00
4.64150000000000e-07;9.47089947089948e-01
4.65625000000000e-07;8.88888888888890e-01
4.67100000000000e-07;8.20105820105821e-01
4.68575000000000e-07;7.61904761904762e-01
4.70050000000000e-07;7.61904761904763e-01
4.71525000000000e-07;8.20105820105821e-01
4.73000000000000e-07;8.88888888888890e-01
4.74475000000000e-07;9.47089947089948e-01
4.75950000000000e-07;1.02116402116402e+00
4.77425000000000e-07;1.04232804232804e+00
4.78900000000000e-07;1.03703703703704e+00
4.80375000000000e-07;1.03174603174603e+00
4.81850000000000e-07;1.02645502645503e+00
4.83325000000000e-07;9.84126984126985e-01
4.84800000000000e-07;9.62962962962964e-01
4.86275000000000e-07;9.68253968253969e-01
4.87750000000000e-07;8.73015873015874e-01
4.89225000000000e-07;7.30158730158731e-01
4.90700000000000e-07;5.71428571428572e-01
4.92175000000000e-07;4.44444444444445e-01
4.93650000000000e-07;4.92063492063492e-01
4.95125000000000e-07;7.03703703703704e-01
4.96600000000000e-07;8.78306878306879e-01
4.98075000000000e-07;1.00529100529101e+00
4.99550000000000e-07;1.03174603174603e+00
5.01025000000000e-07;1.01058201058201e+00
5.02500000000000e-07;9.94708994708996e-01
5.03975000000000e-07;9.84126984126985e-01
5.05450000000000e-07;9.15343915343916e-01
5.06925000000000e-07;8.09523809523810e-01
5.08400000000000e-07;7.35449735449736e-01
5.09875000000000e-07;7.24867724867725e-01
5.11350000000000e-07;7.14285714285715e-01
5.12825000000000e-07;7.03703703703704e-01
5.14300000000000e-07;7.30158730158731e-01
5.15775000000000e-07;7.72486772486773e-01
5.17250000000000e-07;8.94179894179895e-01
5.18725000000000e-07;1.01587301587302e+00
5.20200000000000e-07;1.06878306878307e+00
5.21675000000000e-07;1.04232804232804e+00
5.23150000000000e-07;1.01058201058201e+00
5.24625000000000e-07;9.52380952380953e-01
5.26100000000000e-07;9.25925925925927e-01
5.27575000000000e-07;8.83597883597884e-01
5.29050000000000e-07;8.83597883597884e-01
5.30525000000000e-07;9.25925925925927e-01
5.32000000000000e-07;9.62962962962964e-01
5.33475000000000e-07;9.94708994708995e-01
5.34950000000000e-07;1.01058201058201e+00
5.36425000000000e-07;1.00000000000000e+00
5.37900000000000e-07;1.00000000000000e+00
5.39375000000000e-07;1.00000000000000e+00
5.40850000000000e-07;1.00000000000000e+00
5.42325000000000e-07;1.00000000000000e+00
5.43800000000000e-07;1.00000000000000e+00
5.45275000000000e-07;1.00000000000000e+00
5.46750000000000e-07;1.00000000000000e+00
5.48225000000000e-07;1.00000000000000e+00
5.49700000000000e-07;1.00000000000000e+00
5.51175000000000e-07;1.00000000000000e+00
5.52650000000000e-07;1.00000000000000e+00
5.54125000000000e-07;1.00000000000000e+00
5.55600000000000e-07;1.00000000000000e+00
5.57075000000000e-07;9.57671957671958e-01
5.58550000000000e-07;1.02116402116402e+00
5.60025000000000e-07;1.10582010582011e+00
5.61500000000000e-07;1.30687830687831e+00
5.62975000000000e-07;1.57671957671958e+00
5.64450000000000e-07;1.80952380952381e+00
5.65925000000000e-07;1.90476190476191e+00
5.67400000000000e-07;2.09523809523810e+00
5.68875000000000e-07;2.12698412698413e+00
5.70350000000000e-07;2.26455026455027e+00
5.71825000000000e-07;2.80952380952381e+00
5.73300000000000e-07;3.80952380952381e+00
5.74775000000000e-07;5.38624338624339e+00
5.76250000000000e-07;7.77777777777778e+00
5.77725000000000e-07;1.10476190476191e+01
5.79200000000000e-07;1.56507936507937e+01
5.80675000000000e-07;2.08306878306878e+01
5.82150000000000e-07;2.67248677248677e+01
5.83625000000000e-07;3.15714285714286e+01
5.85100000000000e-07;3.92751322751323e+01
5.86575000000000e-07;4.80370370370371e+01
5.88050000000000e-07;5.70899470899471e+01
5.89525000000000e-07;6.50158730158731e+01
5.91000000000000e-07;7.13439153439154e+01
5.92475000000000e-07;7.42116402116403e+01
5.93950000000000e-07;7.74867724867725e+01
5.95425000000000e-07;7.90000000000001e+01
5.96900000000000e-07;7.93862433862434e+01
5.98375000000000e-07;7.87301587301588e+01
5.99850000000000e-07;7.87089947089948e+01
6.01325000000000e-07;7.91904761904763e+01
6.02800000000000e-07;8.01481481481482e+01
6.04275000000000e-07;8.33280423280424e+01
6.05750000000000e-07;9.20158730158731e+01
6.07225000000000e-07;1.03449735449736e+02
6.08700000000000e-07;1.17333333333333e+02
6.10175000000000e-07;1.32074074074074e+02
6.11650000000000e-07;1.44275132275132e+02
6.13125000000000e-07;1.51513227513228e+02
6.14600000000000e-07;1.63518518518519e+02
6.16075000000000e-07;1.76957671957672e+02
6.17550000000000e-07;1.89000000000000e+02
6.19025000000000e-07;1.96910052910053e+02
6.20500000000000e-07;1.97169312169312e+02
6.21975000000000e-07;1.86158730158730e+02
6.23450000000000e-07;1.65423280423281e+02
6.24925000000000e-07;1.36306878306878e+02
6.26400000000000e-07;1.07571428571429e+02
6.27875000000000e-07;8.64814814814815e+01
6.29350000000000e-07;7.87989417989419e+01
6.30825000000000e-07;8.01111111111112e+01
6.32300000000000e-07;7.87460317460318e+01
6.33775000000000e-07;7.14708994708995e+01
6.35250000000000e-07;6.11375661375662e+01
6.36725000000000e-07;5.04497354497355e+01
6.38200000000000e-07;4.19523809523810e+01
6.39675000000000e-07;3.40687830687831e+01
6.41150000000000e-07;2.70000000000000e+01
6.42625000000000e-07;2.07037037037037e+01
6.44100000000000e-07;1.56825396825397e+01
6.45575000000000e-07;1.22645502645503e+01
6.47050000000000e-07;1.00423280423280e+01
6.48525000000000e-07;8.10052910052911e+00
6.50000000000000e-07;6.42857142857143e+00
6.51475000000000e-07;4.92592592592593e+00
6.52950000000000e-07;3.82539682539683e+00
6.54425000000000e-07;3.08994708994709e+00
6.55900000000000e-07;2.75661375661376e+00
6.57375000000000e-07;2.26455026455027e+00
6.58850000000000e-07;1.79894179894180e+00
6.60325000000000e-07;1.46031746031746e+00
6.61800000000000e-07;1.20634920634921e+00
6.63275000000000e-07;1.10582010582011e+00
6.64750000000000e-07;1.13756613756614e+00
6.66225000000000e-07;1.08465608465609e+00
6.67700000000000e-07;1.04232804232804e+00
6.69175000000000e-07;1.03174603174603e+00
6.70650000000000e-07;9.78835978835980e-01
6.72125000000000e-07;1.00000000000000e+00
6.73600000000000e-07;1.00000000000000e+00
6.75075000000000e-07;9.78835978835980e-01
6.76550000000000e-07;1.03174603174603e+00
6.78025000000000e-07;1.04761904761905e+00
6.79500000000000e-07;1.06349206349206e+00
6.80975000000000e-07;1.07936507936508e+00
