3.72700000000000e-07;6.34920634920635e-01
3.74175000000000e-07;6.66666666666667e-01
3.75650000000000e-07;7.14285714285714e-01
3.77125000000000e-07;7.77777777777778e-01
3.78600000000000e-07;8.88888888888890e-01
3.80075000000000e-07;9.84126984126985e-01
3.81550000000000e-07;1.03174603174603e+00
3.83025000000000e-07;1.00000000000000e+00
3.84500000000000e-07;1.00000000000000e+00
3.85975000000000e-07;1.00000000000000e+00
3.87450000000000e-07;1.00000000000000e+00
3.88925000000000e-07;1.00000000000000e+00
3.90400000000000e-07;1.00000000000000e+00
3.91875000000000e-07;1.00000000000000e+00
3.93350000000000e-07;1.00000000000000e+00
3.94825000000000e-07;1.00000000000000e+00
3.96300000000000e-07;1.00000000000000e+00
3.97775000000000e-07;1.03174603174603e+00
3.99250000000000e-07;9.84126984126985e-01
4.00725000000000e-07;8.88888888888890e-01
4.02200000000000e-07;7.77777777777778e-01
4.03675000000000e-07;6.50793650793651e-01
4.05150000000000e-07;6.50793650793651e-01
4.06625000000000e-07;7.77777777777778e-01
4.08100000000000e-07;8.88888888888890e-01
4.09575000000000e-07;9.84126984126985e-01
4.11050000000000e-07;1.03174603174603e+00
4.12525000000000e-07;1.00000000000000e+00
4.14000000000000e-07;1.00000000000000e+00
4.15475000000000e-07;1.00000000000000e+00
4.16950000000000e-07;1.00000000000000e+00
4.18425000000000e-07;1.00000000000000e+00
4.19900000000000e-07;1.00000000000000e+00
4.21375000000000e-07;1.00000000000000e+00
4.22850000000000e-07;1.00000000000000e+00
4.24325000000000e-07;1.00000000000000e+00
4.25800000000000e-07;1.00000000000000e+00
4.27275000000000e-07;1.00000000000000e+00
4.28750000000000e-07;1.00000000000000e+00
4.30225000000000e-07;1.00000000000000e+00
4.31700000000000e-07;1.00000000000000e+00
4.33175000000000e-07;1.00000000000000e+00
4.34650000000000e-07;1.00000000000000e+00
4.36125000000000e-07;1.00000000000000e+00
4.37600000000000e-07;1.00000000000000e+00
4.39075000000000e-07;1.00000000000000e+00
4.40550000000000e-07;1.00000000000000e+00
4.42025000000000e-07;1.00000000000000e+00
4.43500000000000e-07;1.00000000000000e+00
4.44975000000000e-07;1.00000000000000e+00
4.46450000000000e-07;1.00000000000000e+00
4.47925000000000e-07;1.00000000000000e+00
4.49400000000000e-07;1.00000000000000e+00
4.50875000000000e-07;1.00000000000000e+00
4.52350000000000e-07;1.00000000000000e+00
4.53825000000000e-07;1.00000000000000e+00
4.55300000000000e-07;1.00000000000000e+00
4.56775000000000e-07;1.00000000000000e+00
4.58250000000000e-07;1.00000000000000e+00
4.59725000000000e-07;1.00000000000000e+00
4.61200000000000e-07;1.00000000000000e+00
4.62675000000000e-07;1.03174603174603e+00
4.64150000000000e-07;9.84126984126985e-01
4.65625000000000e-07;8.88888888888890e-01
4.67100000000000e-07;7.77777777777778e-01
4.68575000000000e-07;6.82539682539683e-01
4.70050000000000e-07;6.03174603174604e-01
4.71525000000000e-07;6.82539682539683e-01
4.73000000000000e-07;7.77777777777778e-01
4.74475000000000e-07;9.20634920634921e-01
4.75950000000000e-07;9.68253968253969e-01
4.77425000000000e-07;9.20634920634921e-01
4.78900000000000e-07;7.77777777777778e-01
4.80375000000000e-07;6.50793650793651e-01
4.81850000000000e-07;6.50793650793651e-01
4.83325000000000e-07;7.77777777777778e-01
4.84800000000000e-07;8.88888888888890e-01
4.86275000000000e-07;9.84126984126985e-01
4.87750000000000e-07;1.03174603174603e+00
4.89225000000000e-07;1.03174603174603e+00
4.90700000000000e-07;9.84126984126985e-01
4.92175000000000e-07;8.88888888888890e-01
4.93650000000000e-07;7.77777777777778e-01
4.95125000000000e-07;6.82539682539683e-01
4.96600000000000e-07;6.34920634920635e-01
4.98075000000000e-07;6.98412698412699e-01
4.99550000000000e-07;6.50793650793651e-01
5.01025000000000e-07;5.55555555555556e-01
5.02500000000000e-07;4.44444444444445e-01
5.03975000000000e-07;3.17460317460318e-01
5.05450000000000e-07;3.49206349206349e-01
5.06925000000000e-07;4.28571428571429e-01
5.08400000000000e-07;4.44444444444445e-01
5.09875000000000e-07;4.28571428571429e-01
5.11350000000000e-07;3.80952380952381e-01
5.12825000000000e-07;3.01587301587302e-01
5.14300000000000e-07;3.33333333333334e-01
5.15775000000000e-07;3.33333333333334e-01
5.17250000000000e-07;3.33333333333334e-01
5.18725000000000e-07;3.33333333333334e-01
5.20200000000000e-07;3.33333333333334e-01
5.21675000000000e-07;3.65079365079365e-01
5.23150000000000e-07;3.17460317460318e-01
5.24625000000000e-07;2.22222222222222e-01
5.26100000000000e-07;1.11111111111111e-01
5.27575000000000e-07;1.58730158730159e-02
5.29050000000000e-07;-3.17460317460318e-02
5.30525000000000e-07;0.00000000000000e+00
5.32000000000000e-07;0.00000000000000e+00
5.33475000000000e-07;0.00000000000000e+00
5.34950000000000e-07;0.00000000000000e+00
5.36425000000000e-07;0.00000000000000e+00
5.37900000000000e-07;0.00000000000000e+00
5.39375000000000e-07;0.00000000000000e+00
5.40850000000000e-07;0.00000000000000e+00
5.42325000000000e-07;0.00000000000000e+00
5.43800000000000e-07;0.00000000000000e+00
5.45275000000000e-07;-3.17460317460318e-02
5.46750000000000e-07;1.58730158730159e-02
5.48225000000000e-07;1.11111111111111e-01
5.49700000000000e-07;2.22222222222222e-01
5.51175000000000e-07;3.17460317460318e-01
5.52650000000000e-07;3.65079365079365e-01
5.54125000000000e-07;3.33333333333334e-01
5.55600000000000e-07;3.33333333333334e-01
5.57075000000000e-07;2.69841269841270e-01
5.58550000000000e-07;3.65079365079365e-01
5.60025000000000e-07;5.23809523809524e-01
5.61500000000000e-07;7.93650793650794e-01
5.62975000000000e-07;1.07936507936508e+00
5.64450000000000e-07;1.28571428571429e+00
5.65925000000000e-07;1.25396825396826e+00
5.67400000000000e-07;1.39682539682540e+00
5.68875000000000e-07;1.55555555555556e+00
5.70350000000000e-07;1.58730158730159e+00
5.71825000000000e-07;1.93650793650794e+00
5.73300000000000e-07;2.63492063492064e+00
5.74775000000000e-07;3.69841269841270e+00
5.76250000000000e-07;5.20634920634921e+00
5.77725000000000e-07;6.92063492063493e+00
5.79200000000000e-07;9.15873015873017e+00
5.80675000000000e-07;1.12222222222222e+01
5.82150000000000e-07;1.34126984126984e+01
5.83625000000000e-07;1.36349206349206e+01
5.85100000000000e-07;1.44920634920635e+01
5.86575000000000e-07;1.56825396825397e+01
5.88050000000000e-07;1.80952380952381e+01
5.89525000000000e-07;1.93809523809524e+01
5.91000000000000e-07;2.03333333333333e+01
5.92475000000000e-07;1.88412698412699e+01
5.93950000000000e-07;1.69206349206349e+01
5.95425000000000e-07;1.35555555555556e+01
5.96900000000000e-07;1.08412698412698e+01
5.98375000000000e-07;8.76190476190477e+00
5.99850000000000e-07;1.11269841269841e+01
6.01325000000000e-07;1.65873015873016e+01
6.02800000000000e-07;2.50634920634921e+01
6.04275000000000e-07;3.75079365079365e+01
6.05750000000000e-07;5.21746031746032e+01
6.07225000000000e-07;6.69206349206350e+01
6.08700000000000e-07;8.37777777777778e+01
6.10175000000000e-07;1.01238095238095e+02
6.11650000000000e-07;1.17269841269841e+02
6.13125000000000e-07;1.30698412698413e+02
6.14600000000000e-07;1.48714285714286e+02
6.16075000000000e-07;1.66460317460318e+02
6.17550000000000e-07;1.84031746031746e+02
6.19025000000000e-07;1.96285714285714e+02
6.20500000000000e-07;1.97634920634921e+02
6.21975000000000e-07;1.83015873015873e+02
6.23450000000000e-07;1.56460317460318e+02
6.24925000000000e-07;1.13857142857143e+02
6.26400000000000e-07;6.90952380952381e+01
6.27875000000000e-07;2.97619047619048e+01
6.29350000000000e-07;8.69841269841270e+00
6.30825000000000e-07;2.57142857142857e+00
6.32300000000000e-07;2.82539682539683e+00
6.33775000000000e-07;1.88888888888889e+00
6.35250000000000e-07;1.23809523809524e+00
6.36725000000000e-07;-5.55555555555556e-01
6.38200000000000e-07;1.42857142857143e-01
6.39675000000000e-07;2.06349206349207e-01
6.41150000000000e-07;1.58730158730159e-02
6.42625000000000e-07;2.06349206349207e-01
6.44100000000000e-07;3.49206349206349e-01
6.45575000000000e-07;4.44444444444445e-01
6.47050000000000e-07;3.17460317460318e-01
6.48525000000000e-07;2.53968253968254e-01
6.50000000000000e-07;-1.58730158730159e-02
6.51475000000000e-07;4.12698412698413e-01
6.52950000000000e-07;6.98412698412699e-01
6.54425000000000e-07;1.01587301587302e+00
6.55900000000000e-07;1.15873015873016e+00
6.57375000000000e-07;1.23809523809524e+00
6.58850000000000e-07;9.36507936507937e-01
6.60325000000000e-07;7.46031746031747e-01
6.61800000000000e-07;3.80952380952381e-01
6.63275000000000e-07;2.53968253968254e-01
6.64750000000000e-07;1.74603174603175e-01
6.66225000000000e-07;1.26984126984127e-01
6.67700000000000e-07;6.34920634920635e-02
6.69175000000000e-07;4.76190476190477e-02
6.70650000000000e-07;-3.17460317460318e-02
6.72125000000000e-07;0.00000000000000e+00
6.73600000000000e-07;0.00000000000000e+00
6.75075000000000e-07;-6.34920634920635e-02
6.76550000000000e-07;3.17460317460318e-02
6.78025000000000e-07;1.90476190476191e-01
6.79500000000000e-07;4.28571428571429e-01
6.80975000000000e-07;7.46031746031746e-01
