3.72700000000000e-07;1.00000000000000e+00
3.74175000000000e-07;1.00000000000000e+00
3.75650000000000e-07;1.00000000000000e+00
3.77125000000000e-07;1.00000000000000e+00
3.78600000000000e-07;1.00000000000000e+00
3.80075000000000e-07;1.00000000000000e+00
3.81550000000000e-07;1.00000000000000e+00
3.83025000000000e-07;1.00000000000000e+00
3.84500000000000e-07;1.00000000000000e+00
3.85975000000000e-07;1.00000000000000e+00
3.87450000000000e-07;1.00000000000000e+00
3.88925000000000e-07;1.00000000000000e+00
3.90400000000000e-07;1.00000000000000e+00
3.91875000000000e-07;1.00000000000000e+00
3.93350000000000e-07;1.00000000000000e+00
3.94825000000000e-07;1.00000000000000e+00
3.96300000000000e-07;1.00000000000000e+00
3.97775000000000e-07;1.01360544217687e+00
3.99250000000000e-07;9.93197278911565e-01
4.00725000000000e-07;9.52380952380953e-01
4.02200000000000e-07;9.04761904761905e-01
4.03675000000000e-07;8.50340136054422e-01
4.05150000000000e-07;8.50340136054422e-01
4.06625000000000e-07;9.31972789115647e-01
4.08100000000000e-07;9.38775510204082e-01
4.09575000000000e-07;8.97959183673470e-01
4.11050000000000e-07;8.23129251700681e-01
4.12525000000000e-07;7.27891156462586e-01
4.14000000000000e-07;6.87074829931973e-01
4.15475000000000e-07;6.87074829931973e-01
4.16950000000000e-07;7.27891156462586e-01
4.18425000000000e-07;8.09523809523810e-01
4.19900000000000e-07;9.04761904761905e-01
4.21375000000000e-07;9.86394557823130e-01
4.22850000000000e-07;1.02721088435374e+00
4.24325000000000e-07;1.00000000000000e+00
4.25800000000000e-07;1.00000000000000e+00
4.27275000000000e-07;1.00000000000000e+00
4.28750000000000e-07;1.00000000000000e+00
4.30225000000000e-07;1.00000000000000e+00
4.31700000000000e-07;1.00000000000000e+00
4.33175000000000e-07;1.00000000000000e+00
4.34650000000000e-07;1.00000000000000e+00
4.36125000000000e-07;1.00000000000000e+00
4.37600000000000e-07;1.00000000000000e+00
4.39075000000000e-07;1.00000000000000e+00
4.40550000000000e-07;1.00000000000000e+00
4.42025000000000e-07;1.00000000000000e+00
4.43500000000000e-07;1.00000000000000e+00
4.44975000000000e-07;1.00000000000000e+00
4.46450000000000e-07;1.00000000000000e+00
4.47925000000000e-07;1.00000000000000e+00
4.49400000000000e-07;1.00000000000000e+00
4.50875000000000e-07;1.01360544217687e+00
4.52350000000000e-07;9.93197278911565e-01
4.53825000000000e-07;9.38775510204082e-01
4.55300000000000e-07;9.11564625850341e-01
4.56775000000000e-07;9.11564625850341e-01
4.58250000000000e-07;9.38775510204082e-01
4.59725000000000e-07;1.00680272108844e+00
4.61200000000000e-07;1.00680272108844e+00
4.62675000000000e-07;9.65986394557824e-01
4.64150000000000e-07;8.97959183673470e-01
4.65625000000000e-07;8.16326530612245e-01
4.67100000000000e-07;7.48299319727892e-01
4.68575000000000e-07;7.21088435374150e-01
4.70050000000000e-07;7.00680272108844e-01
4.71525000000000e-07;7.14285714285715e-01
4.73000000000000e-07;7.14285714285715e-01
4.74475000000000e-07;6.87074829931973e-01
4.75950000000000e-07;7.27891156462586e-01
4.77425000000000e-07;8.09523809523810e-01
4.78900000000000e-07;9.04761904761905e-01
4.80375000000000e-07;9.86394557823130e-01
4.81850000000000e-07;1.04081632653061e+00
4.83325000000000e-07;9.93197278911565e-01
4.84800000000000e-07;9.52380952380953e-01
4.86275000000000e-07;9.18367346938776e-01
4.87750000000000e-07;8.57142857142858e-01
4.89225000000000e-07;7.95918367346939e-01
4.90700000000000e-07;7.61904761904762e-01
4.92175000000000e-07;7.21088435374150e-01
4.93650000000000e-07;6.73469387755102e-01
4.95125000000000e-07;7.27891156462586e-01
4.96600000000000e-07;8.09523809523810e-01
4.98075000000000e-07;9.31972789115647e-01
4.99550000000000e-07;9.72789115646259e-01
5.01025000000000e-07;9.31972789115647e-01
5.02500000000000e-07;8.09523809523810e-01
5.03975000000000e-07;7.14285714285715e-01
5.05450000000000e-07;6.93877551020409e-01
5.06925000000000e-07;8.02721088435375e-01
5.08400000000000e-07;7.89115646258504e-01
5.09875000000000e-07;6.66666666666667e-01
5.11350000000000e-07;6.05442176870749e-01
5.12825000000000e-07;5.91836734693878e-01
5.14300000000000e-07;7.00680272108844e-01
5.15775000000000e-07;8.23129251700681e-01
5.17250000000000e-07;8.02721088435375e-01
5.18725000000000e-07;6.66666666666667e-01
5.20200000000000e-07;6.12244897959184e-01
5.21675000000000e-07;5.17006802721089e-01
5.23150000000000e-07;4.96598639455783e-01
5.24625000000000e-07;4.35374149659864e-01
5.26100000000000e-07;3.40136054421769e-01
5.27575000000000e-07;2.51700680272109e-01
5.29050000000000e-07;1.70068027210884e-01
5.30525000000000e-07;1.56462585034014e-01
5.32000000000000e-07;2.72108843537415e-01
5.33475000000000e-07;4.14965986394558e-01
5.34950000000000e-07;5.57823129251701e-01
5.36425000000000e-07;6.73469387755102e-01
5.37900000000000e-07;6.59863945578232e-01
5.39375000000000e-07;6.59863945578232e-01
5.40850000000000e-07;6.32653061224490e-01
5.42325000000000e-07;5.78231292517007e-01
5.43800000000000e-07;5.44217687074830e-01
5.45275000000000e-07;6.46258503401361e-01
5.46750000000000e-07;5.85034013605443e-01
5.48225000000000e-07;4.28571428571429e-01
5.49700000000000e-07;2.31292517006803e-01
5.51175000000000e-07;4.76190476190477e-02
5.52650000000000e-07;-6.80272108843538e-02
5.54125000000000e-07;0.00000000000000e+00
5.55600000000000e-07;0.00000000000000e+00
5.57075000000000e-07;-6.80272108843538e-02
5.58550000000000e-07;8.84353741496599e-02
5.60025000000000e-07;2.10884353741497e-01
5.61500000000000e-07;2.85714285714286e-01
5.62975000000000e-07;2.99319727891157e-01
5.64450000000000e-07;1.70068027210884e-01
5.65925000000000e-07;1.36054421768708e-01
5.67400000000000e-07;2.92517006802721e-01
5.68875000000000e-07;5.17006802721089e-01
5.70350000000000e-07;9.65986394557824e-01
5.71825000000000e-07;1.74149659863946e+00
5.73300000000000e-07;2.38095238095238e+00
5.74775000000000e-07;3.19047619047619e+00
5.76250000000000e-07;3.88435374149660e+00
5.77725000000000e-07;5.02721088435375e+00
5.79200000000000e-07;7.13605442176871e+00
5.80675000000000e-07;9.38775510204082e+00
5.82150000000000e-07;1.14693877551020e+01
5.83625000000000e-07;1.19523809523810e+01
5.85100000000000e-07;1.35442176870748e+01
5.86575000000000e-07;1.49931972789116e+01
5.88050000000000e-07;1.65170068027211e+01
5.89525000000000e-07;1.65374149659864e+01
5.91000000000000e-07;1.63537414965986e+01
5.92475000000000e-07;1.41700680272109e+01
5.93950000000000e-07;1.32244897959184e+01
5.95425000000000e-07;1.09727891156463e+01
5.96900000000000e-07;8.66666666666667e+00
5.98375000000000e-07;6.14965986394558e+00
5.99850000000000e-07;5.54421768707483e+00
6.01325000000000e-07;5.06802721088436e+00
6.02800000000000e-07;5.49659863945579e+00
6.04275000000000e-07;6.57142857142858e+00
6.05750000000000e-07;1.30408163265306e+01
6.07225000000000e-07;2.44081632653061e+01
6.08700000000000e-07;3.97278911564626e+01
6.10175000000000e-07;5.65170068027211e+01
6.11650000000000e-07;7.30340136054422e+01
6.13125000000000e-07;8.43673469387756e+01
6.14600000000000e-07;1.04163265306123e+02
6.16075000000000e-07;1.28000000000000e+02
6.17550000000000e-07;1.49340136054422e+02
6.19025000000000e-07;1.64537414965986e+02
6.20500000000000e-07;1.67408163265306e+02
6.21975000000000e-07;1.50000000000000e+02
6.23450000000000e-07;1.21578231292517e+02
6.24925000000000e-07;8.25986394557824e+01
6.26400000000000e-07;4.41292517006803e+01
6.27875000000000e-07;1.58775510204082e+01
6.29350000000000e-07;4.02721088435374e+00
6.30825000000000e-07;2.14285714285714e+00
6.32300000000000e-07;3.12244897959184e+00
6.33775000000000e-07;1.92517006802721e+00
6.35250000000000e-07;7.41496598639456e-01
6.36725000000000e-07;-3.87755102040817e-01
6.38200000000000e-07;4.89795918367347e-01
6.39675000000000e-07;5.57823129251701e-01
6.41150000000000e-07;2.85714285714286e-01
6.42625000000000e-07;4.21768707482993e-01
6.44100000000000e-07;3.53741496598640e-01
6.45575000000000e-07;5.71428571428572e-01
6.47050000000000e-07;4.21768707482993e-01
6.48525000000000e-07;2.92517006802721e-01
6.50000000000000e-07;4.08163265306123e-02
6.51475000000000e-07;4.55782312925170e-01
6.52950000000000e-07;6.59863945578232e-01
6.54425000000000e-07;8.23129251700681e-01
6.55900000000000e-07;8.09523809523810e-01
6.57375000000000e-07;7.00680272108844e-01
6.58850000000000e-07;5.30612244897959e-01
6.60325000000000e-07;4.01360544217687e-01
6.61800000000000e-07;2.24489795918368e-01
6.63275000000000e-07;3.87755102040817e-01
6.64750000000000e-07;4.69387755102041e-01
6.66225000000000e-07;3.67346938775511e-01
6.67700000000000e-07;2.58503401360544e-01
6.69175000000000e-07;9.52380952380953e-02
6.70650000000000e-07;-8.16326530612246e-02
6.72125000000000e-07;0.00000000000000e+00
6.73600000000000e-07;0.00000000000000e+00
6.75075000000000e-07;-4.08163265306123e-02
6.76550000000000e-07;4.76190476190477e-02
6.78025000000000e-07;1.02040816326531e-01
6.79500000000000e-07;1.73469387755102e-01
6.80975000000000e-07;2.61904761904762e-01
