3.72700000000000e-07;1.00000000000000e+00
3.74175000000000e-07;1.00000000000000e+00
3.75650000000000e-07;1.00000000000000e+00
3.77125000000000e-07;1.00000000000000e+00
3.78600000000000e-07;1.00000000000000e+00
3.80075000000000e-07;1.00000000000000e+00
3.81550000000000e-07;1.00000000000000e+00
3.83025000000000e-07;1.00000000000000e+00
3.84500000000000e-07;1.00000000000000e+00
3.85975000000000e-07;1.00000000000000e+00
3.87450000000000e-07;1.00000000000000e+00
3.88925000000000e-07;1.00000000000000e+00
3.90400000000000e-07;1.00000000000000e+00
3.91875000000000e-07;1.00000000000000e+00
3.93350000000000e-07;1.00000000000000e+00
3.94825000000000e-07;1.00000000000000e+00
3.96300000000000e-07;1.00000000000000e+00
3.97775000000000e-07;1.01360544217687e+00
3.99250000000000e-07;9.93197278911565e-01
4.00725000000000e-07;9.52380952380953e-01
4.02200000000000e-07;9.04761904761905e-01
4.03675000000000e-07;8.50340136054422e-01
4.05150000000000e-07;8.50340136054422e-01
4.06625000000000e-07;9.31972789115647e-01
4.08100000000000e-07;9.38775510204082e-01
4.09575000000000e-07;8.97959183673470e-01
4.11050000000000e-07;8.23129251700681e-01
4.12525000000000e-07;7.27891156462586e-01
4.14000000000000e-07;6.87074829931973e-01
4.15475000000000e-07;6.87074829931973e-01
4.16950000000000e-07;7.27891156462586e-01
4.18425000000000e-07;8.09523809523810e-01
4.19900000000000e-07;9.04761904761905e-01
4.21375000000000e-07;9.86394557823130e-01
4.22850000000000e-07;1.02721088435374e+00
4.24325000000000e-07;1.00000000000000e+00
4.25800000000000e-07;1.00000000000000e+00
4.27275000000000e-07;1.00000000000000e+00
4.28750000000000e-07;1.00000000000000e+00
4.30225000000000e-07;1.00000000000000e+00
4.31700000000000e-07;1.00000000000000e+00
4.33175000000000e-07;1.00000000000000e+00
4.34650000000000e-07;1.00000000000000e+00
4.36125000000000e-07;1.00000000000000e+00
4.37600000000000e-07;1.00000000000000e+00
4.39075000000000e-07;1.00000000000000e+00
4.40550000000000e-07;1.00000000000000e+00
4.42025000000000e-07;1.00000000000000e+00
4.43500000000000e-07;1.00000000000000e+00
4.44975000000000e-07;1.00000000000000e+00
4.46450000000000e-07;1.00000000000000e+00
4.47925000000000e-07;1.00000000000000e+00
4.49400000000000e-07;1.00000000000000e+00
4.50875000000000e-07;1.01360544217687e+00
4.52350000000000e-07;9.93197278911565e-01
4.53825000000000e-07;9.38775510204082e-01
4.55300000000000e-07;9.11564625850341e-01
4.56775000000000e-07;9.11564625850341e-01
4.58250000000000e-07;9.38775510204082e-01
4.59725000000000e-07;1.00680272108844e+00
4.61200000000000e-07;1.00680272108844e+00
4.62675000000000e-07;9.65986394557824e-01
4.64150000000000e-07;8.97959183673470e-01
4.65625000000000e-07;8.16326530612245e-01
4.67100000000000e-07;7.48299319727892e-01
4.68575000000000e-07;7.21088435374150e-01
4.70050000000000e-07;7.00680272108844e-01
4.71525000000000e-07;7.14285714285715e-01
4.73000000000000e-07;7.14285714285715e-01
4.74475000000000e-07;6.87074829931973e-01
4.75950000000000e-07;7.27891156462586e-01
4.77425000000000e-07;8.09523809523810e-01
4.78900000000000e-07;9.04761904761905e-01
4.80375000000000e-07;9.86394557823130e-01
4.81850000000000e-07;1.04081632653061e+00
4.83325000000000e-07;9.93197278911565e-01
4.84800000000000e-07;9.52380952380953e-01
4.86275000000000e-07;9.18367346938776e-01
4.87750000000000e-07;8.57142857142858e-01
4.89225000000000e-07;7.95918367346939e-01
4.90700000000000e-07;7.61904761904762e-01
4.92175000000000e-07;7.21088435374150e-01
4.93650000000000e-07;6.73469387755102e-01
4.95125000000000e-07;7.27891156462586e-01
4.96600000000000e-07;8.09523809523810e-01
4.98075000000000e-07;9.31972789115647e-01
4.99550000000000e-07;9.72789115646259e-01
5.01025000000000e-07;9.31972789115647e-01
5.02500000000000e-07;8.09523809523810e-01
5.03975000000000e-07;7.14285714285715e-01
5.05450000000000e-07;6.93877551020409e-01
5.06925000000000e-07;7.21088435374150e-01
5.08400000000000e-07;7.89115646258504e-01
5.09875000000000e-07;1.01360544217687e+00
5.11350000000000e-07;1.29931972789116e+00
5.12825000000000e-07;1.55102040816327e+00
5.14300000000000e-07;1.76190476190476e+00
5.15775000000000e-07;1.74149659863946e+00
5.17250000000000e-07;1.60544217687075e+00
5.18725000000000e-07;1.53061224489796e+00
5.20200000000000e-07;1.53061224489796e+00
5.21675000000000e-07;1.47619047619048e+00
5.23150000000000e-07;1.42176870748299e+00
5.24625000000000e-07;1.28571428571429e+00
5.26100000000000e-07;1.17006802721089e+00
5.27575000000000e-07;1.14965986394558e+00
5.29050000000000e-07;1.22448979591837e+00
5.30525000000000e-07;1.31292517006803e+00
5.32000000000000e-07;1.33333333333333e+00
5.33475000000000e-07;1.27210884353742e+00
5.34950000000000e-07;1.23809523809524e+00
5.36425000000000e-07;1.20408163265306e+00
5.37900000000000e-07;1.20408163265306e+00
5.39375000000000e-07;1.34693877551021e+00
5.40850000000000e-07;1.43537414965987e+00
5.42325000000000e-07;1.46938775510204e+00
5.43800000000000e-07;1.42857142857143e+00
5.45275000000000e-07;1.47619047619048e+00
5.46750000000000e-07;1.55102040816327e+00
5.48225000000000e-07;1.89115646258504e+00
5.49700000000000e-07;2.13605442176871e+00
5.51175000000000e-07;2.20408163265306e+00
5.52650000000000e-07;2.22448979591837e+00
5.54125000000000e-07;2.20408163265306e+00
5.55600000000000e-07;2.04761904761905e+00
5.57075000000000e-07;2.04761904761905e+00
5.58550000000000e-07;2.29251700680272e+00
5.60025000000000e-07;2.55782312925170e+00
5.61500000000000e-07;2.90476190476191e+00
5.62975000000000e-07;3.10884353741497e+00
5.64450000000000e-07;3.16326530612245e+00
5.65925000000000e-07;3.29931972789116e+00
5.67400000000000e-07;3.86394557823130e+00
5.68875000000000e-07;4.12925170068028e+00
5.70350000000000e-07;4.35374149659864e+00
5.71825000000000e-07;4.38095238095238e+00
5.73300000000000e-07;5.40816326530613e+00
5.74775000000000e-07;7.86394557823130e+00
5.76250000000000e-07;1.22448979591837e+01
5.77725000000000e-07;1.89319727891157e+01
5.79200000000000e-07;2.85034013605442e+01
5.80675000000000e-07;4.00272108843538e+01
5.82150000000000e-07;5.37142857142858e+01
5.83625000000000e-07;6.76122448979592e+01
5.85100000000000e-07;8.62585034013606e+01
5.86575000000000e-07;1.09517006802721e+02
5.88050000000000e-07;1.34591836734694e+02
5.89525000000000e-07;1.59687074829932e+02
5.91000000000000e-07;1.79931972789116e+02
5.92475000000000e-07;1.94401360544218e+02
5.93950000000000e-07;2.08176870748299e+02
5.95425000000000e-07;2.22380952380953e+02
5.96900000000000e-07;2.33020408163265e+02
5.98375000000000e-07;2.41346938775510e+02
5.99850000000000e-07;2.45102040816327e+02
6.01325000000000e-07;2.45918367346939e+02
6.02800000000000e-07;2.44727891156463e+02
6.04275000000000e-07;2.43972789115646e+02
6.05750000000000e-07;2.44312925170068e+02
6.07225000000000e-07;2.45721088435374e+02
6.08700000000000e-07;2.48204081632653e+02
6.10175000000000e-07;2.50482993197279e+02
6.11650000000000e-07;2.51938775510204e+02
6.13125000000000e-07;2.51972789115646e+02
6.14600000000000e-07;2.53210884353742e+02
6.16075000000000e-07;2.53823129251701e+02
6.17550000000000e-07;2.54401360544218e+02
6.19025000000000e-07;2.54612244897959e+02
6.20500000000000e-07;2.55496598639456e+02
6.21975000000000e-07;2.56319727891157e+02
6.23450000000000e-07;2.52088435374150e+02
6.24925000000000e-07;2.46197278911565e+02
6.26400000000000e-07;2.40659863945578e+02
6.27875000000000e-07;2.40721088435374e+02
6.29350000000000e-07;2.45897959183674e+02
6.30825000000000e-07;2.49625850340136e+02
6.32300000000000e-07;2.41435374149660e+02
6.33775000000000e-07;2.21925170068027e+02
6.35250000000000e-07;1.93734693877551e+02
6.36725000000000e-07;1.62680272108844e+02
6.38200000000000e-07;1.34761904761905e+02
6.39675000000000e-07;1.09204081632653e+02
6.41150000000000e-07;8.65646258503402e+01
6.42625000000000e-07;6.61768707482994e+01
6.44100000000000e-07;5.08911564625851e+01
6.45575000000000e-07;3.83265306122449e+01
6.47050000000000e-07;3.07823129251701e+01
6.48525000000000e-07;2.48775510204082e+01
6.50000000000000e-07;2.00748299319728e+01
6.51475000000000e-07;1.44625850340136e+01
6.52950000000000e-07;1.04285714285714e+01
6.54425000000000e-07;7.41496598639456e+00
6.55900000000000e-07;5.87074829931973e+00
6.57375000000000e-07;4.97959183673470e+00
6.58850000000000e-07;4.87755102040817e+00
6.60325000000000e-07;4.49659863945579e+00
6.61800000000000e-07;4.08843537414966e+00
6.63275000000000e-07;3.47619047619048e+00
6.64750000000000e-07;2.84353741496599e+00
6.66225000000000e-07;2.41496598639456e+00
6.67700000000000e-07;2.21768707482993e+00
6.69175000000000e-07;2.12925170068027e+00
6.70650000000000e-07;2.06122448979592e+00
6.72125000000000e-07;2.02721088435374e+00
6.73600000000000e-07;1.87755102040816e+00
6.75075000000000e-07;2.00680272108844e+00
6.76550000000000e-07;2.47619047619048e+00
6.78025000000000e-07;2.60204081632653e+00
6.79500000000000e-07;2.67346938775510e+00
6.80975000000000e-07;2.69047619047619e+00
