3.72700000000000e-07;1.00000000000000e+00
3.74175000000000e-07;1.00000000000000e+00
3.75650000000000e-07;1.00000000000000e+00
3.77125000000000e-07;1.00000000000000e+00
3.78600000000000e-07;1.00000000000000e+00
3.80075000000000e-07;1.00000000000000e+00
3.81550000000000e-07;1.00000000000000e+00
3.83025000000000e-07;1.00000000000000e+00
3.84500000000000e-07;1.00000000000000e+00
3.85975000000000e-07;1.00000000000000e+00
3.87450000000000e-07;1.00000000000000e+00
3.88925000000000e-07;1.00000000000000e+00
3.90400000000000e-07;1.00000000000000e+00
3.91875000000000e-07;1.00000000000000e+00
3.93350000000000e-07;1.00000000000000e+00
3.94825000000000e-07;1.00000000000000e+00
3.96300000000000e-07;1.00000000000000e+00
3.97775000000000e-07;1.01360544217687e+00
3.99250000000000e-07;9.93197278911565e-01
4.00725000000000e-07;9.52380952380953e-01
4.02200000000000e-07;9.04761904761905e-01
4.03675000000000e-07;8.50340136054422e-01
4.05150000000000e-07;8.50340136054422e-01
4.06625000000000e-07;9.31972789115647e-01
4.08100000000000e-07;9.38775510204082e-01
4.09575000000000e-07;8.97959183673470e-01
4.11050000000000e-07;8.23129251700681e-01
4.12525000000000e-07;7.27891156462586e-01
4.14000000000000e-07;6.87074829931973e-01
4.15475000000000e-07;6.87074829931973e-01
4.16950000000000e-07;7.27891156462586e-01
4.18425000000000e-07;8.09523809523810e-01
4.19900000000000e-07;9.04761904761905e-01
4.21375000000000e-07;9.86394557823130e-01
4.22850000000000e-07;1.02721088435374e+00
4.24325000000000e-07;1.00000000000000e+00
4.25800000000000e-07;1.00000000000000e+00
4.27275000000000e-07;1.00000000000000e+00
4.28750000000000e-07;1.00000000000000e+00
4.30225000000000e-07;1.00000000000000e+00
4.31700000000000e-07;1.00000000000000e+00
4.33175000000000e-07;1.00000000000000e+00
4.34650000000000e-07;1.00000000000000e+00
4.36125000000000e-07;1.00000000000000e+00
4.37600000000000e-07;1.00000000000000e+00
4.39075000000000e-07;1.00000000000000e+00
4.40550000000000e-07;1.00000000000000e+00
4.42025000000000e-07;1.00000000000000e+00
4.43500000000000e-07;1.00000000000000e+00
4.44975000000000e-07;1.00000000000000e+00
4.46450000000000e-07;1.00000000000000e+00
4.47925000000000e-07;1.00000000000000e+00
4.49400000000000e-07;1.00000000000000e+00
4.50875000000000e-07;1.01360544217687e+00
4.52350000000000e-07;9.93197278911565e-01
4.53825000000000e-07;9.38775510204082e-01
4.55300000000000e-07;9.11564625850341e-01
4.56775000000000e-07;9.11564625850341e-01
4.58250000000000e-07;9.38775510204082e-01
4.59725000000000e-07;1.00680272108844e+00
4.61200000000000e-07;1.00680272108844e+00
4.62675000000000e-07;9.65986394557824e-01
4.64150000000000e-07;8.97959183673470e-01
4.65625000000000e-07;8.16326530612245e-01
4.67100000000000e-07;7.48299319727892e-01
4.68575000000000e-07;7.21088435374150e-01
4.70050000000000e-07;7.00680272108844e-01
4.71525000000000e-07;7.14285714285715e-01
4.73000000000000e-07;7.14285714285715e-01
4.74475000000000e-07;6.87074829931973e-01
4.75950000000000e-07;7.27891156462586e-01
4.77425000000000e-07;8.09523809523810e-01
4.78900000000000e-07;9.04761904761905e-01
4.80375000000000e-07;9.86394557823130e-01
4.81850000000000e-07;1.04081632653061e+00
4.83325000000000e-07;9.93197278911565e-01
4.84800000000000e-07;9.52380952380953e-01
4.86275000000000e-07;9.18367346938776e-01
4.87750000000000e-07;8.57142857142858e-01
4.89225000000000e-07;7.95918367346939e-01
4.90700000000000e-07;7.61904761904762e-01
4.92175000000000e-07;7.21088435374150e-01
4.93650000000000e-07;6.73469387755102e-01
4.95125000000000e-07;7.27891156462586e-01
4.96600000000000e-07;8.09523809523810e-01
4.98075000000000e-07;9.31972789115647e-01
4.99550000000000e-07;9.72789115646259e-01
5.01025000000000e-07;9.31972789115647e-01
5.02500000000000e-07;8.09523809523810e-01
5.03975000000000e-07;7.14285714285715e-01
5.05450000000000e-07;6.93877551020409e-01
5.06925000000000e-07;7.61904761904763e-01
5.08400000000000e-07;8.09523809523810e-01
5.09875000000000e-07;8.09523809523810e-01
5.11350000000000e-07;8.91156462585035e-01
5.12825000000000e-07;1.00000000000000e+00
5.14300000000000e-07;1.17006802721088e+00
5.15775000000000e-07;1.25170068027211e+00
5.17250000000000e-07;1.23129251700680e+00
5.18725000000000e-07;1.09523809523810e+00
5.20200000000000e-07;1.04081632653061e+00
5.21675000000000e-07;9.59183673469388e-01
5.23150000000000e-07;9.04761904761906e-01
5.24625000000000e-07;8.09523809523810e-01
5.26100000000000e-07;7.27891156462586e-01
5.27575000000000e-07;6.87074829931973e-01
5.29050000000000e-07;7.00680272108844e-01
5.30525000000000e-07;7.21088435374150e-01
5.32000000000000e-07;7.61904761904763e-01
5.33475000000000e-07;7.95918367346939e-01
5.34950000000000e-07;8.57142857142858e-01
5.36425000000000e-07;9.18367346938776e-01
5.37900000000000e-07;9.52380952380953e-01
5.39375000000000e-07;9.93197278911565e-01
5.40850000000000e-07;1.01360544217687e+00
5.42325000000000e-07;1.00000000000000e+00
5.43800000000000e-07;9.86394557823130e-01
5.45275000000000e-07;1.02040816326531e+00
5.46750000000000e-07;1.04081632653061e+00
5.48225000000000e-07;1.04761904761905e+00
5.49700000000000e-07;1.04081632653061e+00
5.51175000000000e-07;1.02040816326531e+00
5.52650000000000e-07;9.86394557823130e-01
5.54125000000000e-07;1.00000000000000e+00
5.55600000000000e-07;1.00000000000000e+00
5.57075000000000e-07;9.31972789115647e-01
5.58550000000000e-07;1.08843537414966e+00
5.60025000000000e-07;1.21088435374150e+00
5.61500000000000e-07;1.28571428571429e+00
5.62975000000000e-07;1.29931972789116e+00
5.64450000000000e-07;1.15646258503401e+00
5.65925000000000e-07;1.12925170068027e+00
5.67400000000000e-07;1.40136054421769e+00
5.68875000000000e-07;1.60544217687075e+00
5.70350000000000e-07;2.00680272108844e+00
5.71825000000000e-07;2.59183673469388e+00
5.73300000000000e-07;3.34693877551021e+00
5.74775000000000e-07;4.63945578231293e+00
5.76250000000000e-07;6.41496598639456e+00
5.77725000000000e-07;9.08163265306123e+00
5.79200000000000e-07;1.33537414965986e+01
5.80675000000000e-07;1.83129251700680e+01
5.82150000000000e-07;2.38027210884354e+01
5.83625000000000e-07;2.82312925170068e+01
5.85100000000000e-07;3.48163265306123e+01
5.86575000000000e-07;4.27278911564626e+01
5.88050000000000e-07;5.13401360544218e+01
5.89525000000000e-07;5.89931972789116e+01
5.91000000000000e-07;6.50952380952382e+01
5.92475000000000e-07;6.80340136054422e+01
5.93950000000000e-07;7.16462585034014e+01
5.95425000000000e-07;7.46054421768708e+01
5.96900000000000e-07;7.63741496598640e+01
5.98375000000000e-07;7.72585034013606e+01
5.99850000000000e-07;7.79251700680273e+01
6.01325000000000e-07;7.76598639455783e+01
6.02800000000000e-07;7.73537414965987e+01
6.04275000000000e-07;7.76258503401361e+01
6.05750000000000e-07;8.19115646258504e+01
6.07225000000000e-07;8.97959183673470e+01
6.08700000000000e-07;1.00639455782313e+02
6.10175000000000e-07;1.12448979591837e+02
6.11650000000000e-07;1.23891156462585e+02
6.13125000000000e-07;1.31387755102041e+02
6.14600000000000e-07;1.44741496598640e+02
6.16075000000000e-07;1.60476190476191e+02
6.17550000000000e-07;1.74836734693878e+02
6.19025000000000e-07;1.85469387755102e+02
6.20500000000000e-07;1.88551020408163e+02
6.21975000000000e-07;1.78367346938776e+02
6.23450000000000e-07;1.58972789115646e+02
6.24925000000000e-07;1.31918367346939e+02
6.26400000000000e-07;1.05265306122449e+02
6.27875000000000e-07;8.70680272108844e+01
6.29350000000000e-07;8.10408163265307e+01
6.30825000000000e-07;8.08775510204082e+01
6.32300000000000e-07;7.82040816326531e+01
6.33775000000000e-07;7.04693877551021e+01
6.35250000000000e-07;6.00680272108844e+01
6.36725000000000e-07;4.90748299319728e+01
6.38200000000000e-07;4.07959183673470e+01
6.39675000000000e-07;3.30340136054422e+01
6.41150000000000e-07;2.59931972789116e+01
6.42625000000000e-07;2.00680272108844e+01
6.44100000000000e-07;1.55034013605442e+01
6.45575000000000e-07;1.17823129251701e+01
6.47050000000000e-07;9.40136054421769e+00
6.48525000000000e-07;7.42176870748300e+00
6.50000000000000e-07;5.82993197278912e+00
6.51475000000000e-07;4.48979591836735e+00
6.52950000000000e-07;3.41496598639456e+00
6.54425000000000e-07;2.60544217687075e+00
6.55900000000000e-07;2.16326530612245e+00
6.57375000000000e-07;1.78911564625850e+00
6.58850000000000e-07;1.68707482993197e+00
6.60325000000000e-07;1.55782312925170e+00
6.61800000000000e-07;1.32653061224490e+00
6.63275000000000e-07;1.25170068027211e+00
6.64750000000000e-07;1.18367346938776e+00
6.66225000000000e-07;1.09523809523810e+00
6.67700000000000e-07;1.05442176870748e+00
6.69175000000000e-07;1.04081632653061e+00
6.70650000000000e-07;9.72789115646259e-01
6.72125000000000e-07;1.00000000000000e+00
6.73600000000000e-07;1.00000000000000e+00
6.75075000000000e-07;9.59183673469388e-01
6.76550000000000e-07;1.04761904761905e+00
6.78025000000000e-07;1.10204081632653e+00
6.79500000000000e-07;1.17346938775510e+00
6.80975000000000e-07;1.26190476190476e+00
