3.72700000000000e-07;5.43915343915344e+00
3.74175000000000e-07;5.34126984126984e+00
3.75650000000000e-07;5.27777777777778e+00
3.77125000000000e-07;5.24867724867725e+00
3.78600000000000e-07;5.24867724867725e+00
3.80075000000000e-07;5.23809523809524e+00
3.81550000000000e-07;5.37566137566138e+00
3.83025000000000e-07;5.68783068783069e+00
3.84500000000000e-07;6.23280423280424e+00
3.85975000000000e-07;6.85714285714286e+00
3.87450000000000e-07;7.51851851851852e+00
3.88925000000000e-07;7.94179894179895e+00
3.90400000000000e-07;8.51851851851853e+00
3.91875000000000e-07;9.10582010582011e+00
3.93350000000000e-07;9.68783068783070e+00
3.94825000000000e-07;1.02169312169312e+01
3.96300000000000e-07;1.06719576719577e+01
3.97775000000000e-07;1.11375661375661e+01
3.99250000000000e-07;1.18835978835979e+01
4.00725000000000e-07;1.25185185185185e+01
4.02200000000000e-07;1.31005291005291e+01
4.03675000000000e-07;1.33227513227513e+01
4.05150000000000e-07;1.36190476190476e+01
4.06625000000000e-07;1.41798941798942e+01
4.08100000000000e-07;1.54232804232804e+01
4.09575000000000e-07;1.69947089947090e+01
4.11050000000000e-07;1.95291005291005e+01
4.12525000000000e-07;2.31375661375662e+01
4.14000000000000e-07;2.91375661375662e+01
4.15475000000000e-07;3.78730158730159e+01
4.16950000000000e-07;4.98201058201059e+01
4.18425000000000e-07;6.62063492063493e+01
4.19900000000000e-07;8.59947089947091e+01
4.21375000000000e-07;1.09343915343915e+02
4.22850000000000e-07;1.33169312169312e+02
4.24325000000000e-07;1.58804232804233e+02
4.25800000000000e-07;1.83682539682540e+02
4.27275000000000e-07;2.08814814814815e+02
4.28750000000000e-07;2.30037037037037e+02
4.30225000000000e-07;2.45735449735450e+02
4.31700000000000e-07;2.53015873015873e+02
4.33175000000000e-07;2.55962962962963e+02
4.34650000000000e-07;2.55486772486773e+02
4.36125000000000e-07;2.55100529100529e+02
4.37600000000000e-07;2.54904761904762e+02
4.39075000000000e-07;2.54888888888889e+02
4.40550000000000e-07;2.54904761904762e+02
4.42025000000000e-07;2.54952380952381e+02
4.43500000000000e-07;2.55031746031746e+02
4.44975000000000e-07;2.55000000000000e+02
4.46450000000000e-07;2.55000000000000e+02
4.47925000000000e-07;2.55000000000000e+02
4.49400000000000e-07;2.55000000000000e+02
4.50875000000000e-07;2.55000000000000e+02
4.52350000000000e-07;2.55052910052910e+02
4.53825000000000e-07;2.55100529100529e+02
4.55300000000000e-07;2.54857142857143e+02
4.56775000000000e-07;2.54174603174603e+02
4.58250000000000e-07;2.53169312169312e+02
4.59725000000000e-07;2.52349206349207e+02
4.61200000000000e-07;2.51703703703704e+02
4.62675000000000e-07;2.51529100529101e+02
4.64150000000000e-07;2.50708994708995e+02
4.65625000000000e-07;2.49179894179894e+02
4.67100000000000e-07;2.47682539682540e+02
4.68575000000000e-07;2.46904761904762e+02
4.70050000000000e-07;2.46555555555556e+02
4.71525000000000e-07;2.47132275132275e+02
4.73000000000000e-07;2.46746031746032e+02
4.74475000000000e-07;2.46650793650794e+02
4.75950000000000e-07;2.47216931216931e+02
4.77425000000000e-07;2.49492063492064e+02
4.78900000000000e-07;2.49306878306879e+02
4.80375000000000e-07;2.45285714285714e+02
4.81850000000000e-07;2.35857142857143e+02
4.83325000000000e-07;2.22650793650794e+02
4.84800000000000e-07;2.07735449735450e+02
4.86275000000000e-07;1.93343915343915e+02
4.87750000000000e-07;1.77005291005291e+02
4.89225000000000e-07;1.58825396825397e+02
4.90700000000000e-07;1.40142857142857e+02
4.92175000000000e-07;1.20460317460318e+02
4.93650000000000e-07;1.02534391534392e+02
4.95125000000000e-07;8.65608465608466e+01
4.96600000000000e-07;7.24867724867725e+01
4.98075000000000e-07;5.99100529100530e+01
4.99550000000000e-07;4.94126984126984e+01
5.01025000000000e-07;3.92063492063492e+01
5.02500000000000e-07;3.18253968253968e+01
5.03975000000000e-07;2.68095238095238e+01
5.05450000000000e-07;2.36560846560847e+01
5.06925000000000e-07;2.12804232804233e+01
5.08400000000000e-07;1.90423280423281e+01
5.09875000000000e-07;1.61957671957672e+01
5.11350000000000e-07;1.40846560846561e+01
5.12825000000000e-07;1.27089947089947e+01
5.14300000000000e-07;1.18677248677249e+01
5.15775000000000e-07;1.11375661375661e+01
5.17250000000000e-07;1.05925925925926e+01
5.18725000000000e-07;9.78306878306879e+00
5.20200000000000e-07;9.11111111111112e+00
5.21675000000000e-07;8.50264550264551e+00
5.23150000000000e-07;7.71428571428572e+00
5.24625000000000e-07;7.01058201058202e+00
5.26100000000000e-07;6.66137566137567e+00
5.27575000000000e-07;6.40211640211641e+00
5.29050000000000e-07;6.31746031746032e+00
5.30525000000000e-07;6.15343915343916e+00
5.32000000000000e-07;5.72486772486773e+00
5.33475000000000e-07;5.31216931216932e+00
5.34950000000000e-07;4.83597883597884e+00
5.36425000000000e-07;4.35449735449736e+00
5.37900000000000e-07;3.86243386243387e+00
5.39375000000000e-07;3.48148148148148e+00
5.40850000000000e-07;3.28042328042328e+00
5.42325000000000e-07;3.31746031746032e+00
5.43800000000000e-07;3.27513227513228e+00
5.45275000000000e-07;3.29100529100529e+00
5.46750000000000e-07;3.26455026455027e+00
5.48225000000000e-07;3.20105820105820e+00
5.49700000000000e-07;3.13227513227513e+00
5.51175000000000e-07;3.07936507936508e+00
5.52650000000000e-07;3.02645502645503e+00
5.54125000000000e-07;3.01587301587302e+00
5.55600000000000e-07;2.97354497354498e+00
5.57075000000000e-07;2.96825396825397e+00
5.58550000000000e-07;2.96296296296297e+00
5.60025000000000e-07;2.97883597883598e+00
5.61500000000000e-07;2.98941798941799e+00
5.62975000000000e-07;2.97883597883598e+00
5.64450000000000e-07;2.88359788359789e+00
5.65925000000000e-07;2.77248677248678e+00
5.67400000000000e-07;2.70370370370371e+00
5.68875000000000e-07;2.68783068783069e+00
5.70350000000000e-07;2.72486772486773e+00
5.71825000000000e-07;2.81481481481482e+00
5.73300000000000e-07;2.89947089947090e+00
5.74775000000000e-07;2.95767195767196e+00
5.76250000000000e-07;3.00529100529101e+00
5.77725000000000e-07;3.01058201058201e+00
5.79200000000000e-07;3.00000000000000e+00
5.80675000000000e-07;3.00000000000000e+00
5.82150000000000e-07;3.02116402116402e+00
5.83625000000000e-07;3.03174603174603e+00
5.85100000000000e-07;2.92592592592593e+00
5.86575000000000e-07;2.67195767195767e+00
5.88050000000000e-07;2.42857142857143e+00
5.89525000000000e-07;2.25925925925926e+00
5.91000000000000e-07;2.24867724867725e+00
5.92475000000000e-07;2.26984126984127e+00
5.93950000000000e-07;2.26984126984127e+00
5.95425000000000e-07;2.26984126984127e+00
5.96900000000000e-07;2.34391534391535e+00
5.98375000000000e-07;2.44973544973545e+00
5.99850000000000e-07;2.57671957671958e+00
6.01325000000000e-07;2.58201058201058e+00
6.02800000000000e-07;2.51322751322752e+00
6.04275000000000e-07;2.44444444444445e+00
6.05750000000000e-07;2.37566137566138e+00
6.07225000000000e-07;2.28571428571429e+00
6.08700000000000e-07;2.34391534391535e+00
6.10175000000000e-07;2.48148148148148e+00
6.11650000000000e-07;2.62962962962963e+00
6.13125000000000e-07;2.80952380952381e+00
6.14600000000000e-07;2.79365079365080e+00
6.16075000000000e-07;2.61375661375662e+00
6.17550000000000e-07;2.42857142857143e+00
6.19025000000000e-07;2.15873015873016e+00
6.20500000000000e-07;1.91005291005291e+00
6.21975000000000e-07;1.77777777777778e+00
6.23450000000000e-07;1.66666666666667e+00
6.24925000000000e-07;1.69312169312169e+00
6.26400000000000e-07;1.74074074074074e+00
6.27875000000000e-07;1.71428571428572e+00
6.29350000000000e-07;1.59259259259259e+00
6.30825000000000e-07;1.41798941798942e+00
6.32300000000000e-07;1.26984126984127e+00
6.33775000000000e-07;1.22751322751323e+00
6.35250000000000e-07;1.23809523809524e+00
6.36725000000000e-07;1.29629629629630e+00
6.38200000000000e-07;1.33862433862434e+00
6.39675000000000e-07;1.34920634920635e+00
6.41150000000000e-07;1.28042328042328e+00
6.42625000000000e-07;1.24867724867725e+00
6.44100000000000e-07;1.17989417989418e+00
6.45575000000000e-07;1.10582010582011e+00
6.47050000000000e-07;1.05820105820106e+00
6.48525000000000e-07;1.02116402116402e+00
6.50000000000000e-07;9.78835978835980e-01
6.51475000000000e-07;1.00000000000000e+00
6.52950000000000e-07;1.00000000000000e+00
6.54425000000000e-07;9.89417989417990e-01
6.55900000000000e-07;9.94708994708995e-01
6.57375000000000e-07;1.05291005291005e+00
6.58850000000000e-07;1.10582010582011e+00
6.60325000000000e-07;1.14285714285714e+00
6.61800000000000e-07;1.15343915343915e+00
6.63275000000000e-07;1.12698412698413e+00
6.64750000000000e-07;1.10052910052910e+00
6.66225000000000e-07;1.11111111111111e+00
6.67700000000000e-07;1.10052910052910e+00
6.69175000000000e-07;1.11640211640212e+00
6.70650000000000e-07;1.15873015873016e+00
6.72125000000000e-07;1.19047619047619e+00
6.73600000000000e-07;1.17460317460318e+00
6.75075000000000e-07;1.13227513227513e+00
6.76550000000000e-07;1.03703703703704e+00
6.78025000000000e-07;9.76190476190476e-01
6.79500000000000e-07;9.20634920634921e-01
6.80975000000000e-07;8.70370370370372e-01
