3.72700000000000e-07;2.22222222222222e-01
3.74175000000000e-07;2.22222222222222e-01
3.75650000000000e-07;2.22222222222222e-01
3.77125000000000e-07;2.22222222222222e-01
3.78600000000000e-07;2.01058201058201e-01
3.80075000000000e-07;1.69312169312169e-01
3.81550000000000e-07;3.28042328042328e-01
3.83025000000000e-07;5.92592592592593e-01
3.84500000000000e-07;8.78306878306879e-01
3.85975000000000e-07;1.10052910052910e+00
3.87450000000000e-07;1.17460317460318e+00
3.88925000000000e-07;1.11111111111111e+00
3.90400000000000e-07;1.11111111111111e+00
3.91875000000000e-07;1.10052910052910e+00
3.93350000000000e-07;1.11640211640212e+00
3.94825000000000e-07;1.14814814814815e+00
3.96300000000000e-07;1.18518518518519e+00
3.97775000000000e-07;1.19576719576720e+00
3.99250000000000e-07;1.26455026455027e+00
4.00725000000000e-07;1.27513227513228e+00
4.02200000000000e-07;1.26984126984127e+00
4.03675000000000e-07;1.29629629629630e+00
4.05150000000000e-07;1.43915343915344e+00
4.06625000000000e-07;1.66666666666667e+00
4.08100000000000e-07;2.02116402116402e+00
4.09575000000000e-07;2.32275132275132e+00
4.11050000000000e-07;2.57142857142857e+00
4.12525000000000e-07;2.78835978835979e+00
4.14000000000000e-07;3.15873015873016e+00
4.15475000000000e-07;3.25396825396826e+00
4.16950000000000e-07;3.72486772486773e+00
4.18425000000000e-07;4.55555555555556e+00
4.19900000000000e-07;6.32275132275133e+00
4.21375000000000e-07;9.03174603174604e+00
4.22850000000000e-07;1.29259259259259e+01
4.24325000000000e-07;1.66931216931217e+01
4.25800000000000e-07;2.17830687830688e+01
4.27275000000000e-07;2.77089947089947e+01
4.28750000000000e-07;3.59417989417990e+01
4.30225000000000e-07;4.56772486772487e+01
4.31700000000000e-07;5.58783068783069e+01
4.33175000000000e-07;6.45396825396826e+01
4.34650000000000e-07;7.25555555555556e+01
4.36125000000000e-07;7.94761904761905e+01
4.37600000000000e-07;8.69153439153440e+01
4.39075000000000e-07;9.50529100529101e+01
4.40550000000000e-07;1.06000000000000e+02
4.42025000000000e-07;1.18354497354497e+02
4.43500000000000e-07;1.31417989417990e+02
4.44975000000000e-07;1.43402116402117e+02
4.46450000000000e-07;1.52576719576720e+02
4.47925000000000e-07;1.59264550264550e+02
4.49400000000000e-07;1.65455026455027e+02
4.50875000000000e-07;1.71396825396826e+02
4.52350000000000e-07;1.75476190476191e+02
4.53825000000000e-07;1.78126984126984e+02
4.55300000000000e-07;1.78216931216931e+02
4.56775000000000e-07;1.76671957671958e+02
4.58250000000000e-07;1.73994708994709e+02
4.59725000000000e-07;1.71513227513228e+02
4.61200000000000e-07;1.68005291005291e+02
4.62675000000000e-07;1.65132275132275e+02
4.64150000000000e-07;1.62301587301587e+02
4.65625000000000e-07;1.58894179894180e+02
4.67100000000000e-07;1.56301587301587e+02
4.68575000000000e-07;1.53841269841270e+02
4.70050000000000e-07;1.50746031746032e+02
4.71525000000000e-07;1.47269841269841e+02
4.73000000000000e-07;1.43275132275132e+02
4.74475000000000e-07;1.37402116402116e+02
4.75950000000000e-07;1.28539682539683e+02
4.77425000000000e-07;1.15910052910053e+02
4.78900000000000e-07;1.01571428571429e+02
4.80375000000000e-07;8.82857142857143e+01
4.81850000000000e-07;7.78359788359789e+01
4.83325000000000e-07;7.02275132275133e+01
4.84800000000000e-07;6.27989417989418e+01
4.86275000000000e-07;5.50158730158731e+01
4.87750000000000e-07;4.72486772486773e+01
4.89225000000000e-07;4.03227513227514e+01
4.90700000000000e-07;3.39523809523810e+01
4.92175000000000e-07;2.82433862433863e+01
4.93650000000000e-07;2.35079365079365e+01
4.95125000000000e-07;1.99576719576720e+01
4.96600000000000e-07;1.68783068783069e+01
4.98075000000000e-07;1.47619047619048e+01
4.99550000000000e-07;1.27724867724868e+01
5.01025000000000e-07;1.08201058201058e+01
5.02500000000000e-07;9.37037037037038e+00
5.03975000000000e-07;8.42857142857144e+00
5.05450000000000e-07;7.77248677248678e+00
5.06925000000000e-07;7.49735449735450e+00
5.08400000000000e-07;7.01058201058202e+00
5.09875000000000e-07;6.51851851851852e+00
5.11350000000000e-07;5.98941798941799e+00
5.12825000000000e-07;5.45502645502646e+00
5.14300000000000e-07;4.85185185185186e+00
5.15775000000000e-07;4.34391534391535e+00
5.17250000000000e-07;3.86243386243387e+00
5.18725000000000e-07;3.61904761904762e+00
5.20200000000000e-07;3.41269841269842e+00
5.21675000000000e-07;3.34391534391535e+00
5.23150000000000e-07;3.09523809523810e+00
5.24625000000000e-07;2.78306878306878e+00
5.26100000000000e-07;2.44444444444445e+00
5.27575000000000e-07;2.11640211640212e+00
5.29050000000000e-07;1.94708994708995e+00
5.30525000000000e-07;1.93121693121693e+00
5.32000000000000e-07;1.87301587301587e+00
5.33475000000000e-07;1.83597883597884e+00
5.34950000000000e-07;1.76190476190476e+00
5.36425000000000e-07;1.62962962962963e+00
5.37900000000000e-07;1.47619047619048e+00
5.39375000000000e-07;1.31746031746032e+00
5.40850000000000e-07;1.19576719576720e+00
5.42325000000000e-07;1.23809523809524e+00
5.43800000000000e-07;1.28571428571429e+00
5.45275000000000e-07;1.42328042328042e+00
5.46750000000000e-07;1.40740740740741e+00
5.48225000000000e-07;1.26984126984127e+00
5.49700000000000e-07;1.10052910052910e+00
5.51175000000000e-07;9.41798941798942e-01
5.52650000000000e-07;8.35978835978837e-01
5.54125000000000e-07;8.46560846560847e-01
5.55600000000000e-07;7.98941798941800e-01
5.57075000000000e-07;7.35449735449736e-01
5.58550000000000e-07;7.88359788359789e-01
5.60025000000000e-07;8.51851851851853e-01
5.61500000000000e-07;9.25925925925927e-01
5.62975000000000e-07;9.89417989417990e-01
5.64450000000000e-07;1.02116402116402e+00
5.65925000000000e-07;1.00000000000000e+00
5.67400000000000e-07;1.00000000000000e+00
5.68875000000000e-07;1.00000000000000e+00
5.70350000000000e-07;1.00000000000000e+00
5.71825000000000e-07;1.00000000000000e+00
5.73300000000000e-07;1.00000000000000e+00
5.74775000000000e-07;1.00000000000000e+00
5.76250000000000e-07;1.00000000000000e+00
5.77725000000000e-07;1.00000000000000e+00
5.79200000000000e-07;1.00000000000000e+00
5.80675000000000e-07;1.00000000000000e+00
5.82150000000000e-07;1.00000000000000e+00
5.83625000000000e-07;1.00000000000000e+00
5.85100000000000e-07;1.00000000000000e+00
5.86575000000000e-07;1.00000000000000e+00
5.88050000000000e-07;1.00000000000000e+00
5.89525000000000e-07;1.00000000000000e+00
5.91000000000000e-07;1.00000000000000e+00
5.92475000000000e-07;1.00000000000000e+00
5.93950000000000e-07;1.00000000000000e+00
5.95425000000000e-07;1.00000000000000e+00
5.96900000000000e-07;1.00000000000000e+00
5.98375000000000e-07;1.00000000000000e+00
5.99850000000000e-07;1.00000000000000e+00
6.01325000000000e-07;1.00000000000000e+00
6.02800000000000e-07;1.00000000000000e+00
6.04275000000000e-07;1.00000000000000e+00
6.05750000000000e-07;1.00000000000000e+00
6.07225000000000e-07;1.00000000000000e+00
6.08700000000000e-07;1.00000000000000e+00
6.10175000000000e-07;1.00000000000000e+00
6.11650000000000e-07;1.00000000000000e+00
6.13125000000000e-07;1.00000000000000e+00
6.14600000000000e-07;1.00000000000000e+00
6.16075000000000e-07;1.00000000000000e+00
6.17550000000000e-07;1.00000000000000e+00
6.19025000000000e-07;1.00000000000000e+00
6.20500000000000e-07;1.00000000000000e+00
6.21975000000000e-07;1.00000000000000e+00
6.23450000000000e-07;1.00000000000000e+00
6.24925000000000e-07;1.00000000000000e+00
6.26400000000000e-07;1.00000000000000e+00
6.27875000000000e-07;1.00000000000000e+00
6.29350000000000e-07;1.00000000000000e+00
6.30825000000000e-07;1.00000000000000e+00
6.32300000000000e-07;1.00000000000000e+00
6.33775000000000e-07;1.00000000000000e+00
6.35250000000000e-07;1.00000000000000e+00
6.36725000000000e-07;1.01058201058201e+00
6.38200000000000e-07;9.84126984126985e-01
6.39675000000000e-07;9.68253968253969e-01
6.41150000000000e-07;9.62962962962964e-01
6.42625000000000e-07;9.68253968253969e-01
6.44100000000000e-07;9.84126984126985e-01
6.45575000000000e-07;1.01058201058201e+00
6.47050000000000e-07;1.00000000000000e+00
6.48525000000000e-07;1.00000000000000e+00
6.50000000000000e-07;1.00000000000000e+00
6.51475000000000e-07;1.00000000000000e+00
6.52950000000000e-07;1.00000000000000e+00
6.54425000000000e-07;1.00000000000000e+00
6.55900000000000e-07;1.00000000000000e+00
6.57375000000000e-07;1.00000000000000e+00
6.58850000000000e-07;1.00000000000000e+00
6.60325000000000e-07;1.00000000000000e+00
6.61800000000000e-07;1.00000000000000e+00
6.63275000000000e-07;1.00000000000000e+00
6.64750000000000e-07;1.00000000000000e+00
6.66225000000000e-07;1.00000000000000e+00
6.67700000000000e-07;1.00000000000000e+00
6.69175000000000e-07;1.00000000000000e+00
6.70650000000000e-07;1.00000000000000e+00
6.72125000000000e-07;1.00000000000000e+00
6.73600000000000e-07;1.00000000000000e+00
6.75075000000000e-07;1.00000000000000e+00
6.76550000000000e-07;1.00000000000000e+00
6.78025000000000e-07;1.00000000000000e+00
6.79500000000000e-07;1.00000000000000e+00
6.80975000000000e-07;1.00000000000000e+00
