3.72700000000000e-07;9.82993197278911e-01
3.74175000000000e-07;1.01020408163265e+00
3.75650000000000e-07;1.02040816326531e+00
3.77125000000000e-07;1.01360544217687e+00
3.78600000000000e-07;9.79591836734695e-01
3.80075000000000e-07;9.72789115646259e-01
3.81550000000000e-07;9.31972789115647e-01
3.83025000000000e-07;9.04761904761905e-01
3.84500000000000e-07;9.38775510204082e-01
3.85975000000000e-07;1.03401360544218e+00
3.87450000000000e-07;1.06802721088435e+00
3.88925000000000e-07;1.10204081632653e+00
3.90400000000000e-07;1.04761904761905e+00
3.91875000000000e-07;1.02721088435374e+00
3.93350000000000e-07;1.02721088435374e+00
3.94825000000000e-07;1.04761904761905e+00
3.96300000000000e-07;1.04081632653061e+00
3.97775000000000e-07;1.02040816326531e+00
3.99250000000000e-07;9.86394557823130e-01
4.00725000000000e-07;1.00000000000000e+00
4.02200000000000e-07;1.00000000000000e+00
4.03675000000000e-07;9.45578231292518e-01
4.05150000000000e-07;9.86394557823130e-01
4.06625000000000e-07;1.18367346938776e+00
4.08100000000000e-07;1.52380952380952e+00
4.09575000000000e-07;1.87755102040816e+00
4.11050000000000e-07;2.27210884353742e+00
4.12525000000000e-07;2.55782312925170e+00
4.14000000000000e-07;2.87074829931973e+00
4.15475000000000e-07;3.02721088435374e+00
4.16950000000000e-07;4.02040816326531e+00
4.18425000000000e-07;5.59863945578232e+00
4.19900000000000e-07;7.74829931972790e+00
4.21375000000000e-07;1.04761904761905e+01
4.22850000000000e-07;1.31700680272109e+01
4.24325000000000e-07;1.59183673469388e+01
4.25800000000000e-07;2.05510204081633e+01
4.27275000000000e-07;2.65782312925170e+01
4.28750000000000e-07;3.44965986394558e+01
4.30225000000000e-07;4.37210884353742e+01
4.31700000000000e-07;5.34489795918368e+01
4.33175000000000e-07;6.22108843537415e+01
4.34650000000000e-07;6.93333333333334e+01
4.36125000000000e-07;7.37414965986395e+01
4.37600000000000e-07;7.75782312925171e+01
4.39075000000000e-07;8.12176870748300e+01
4.40550000000000e-07;8.67959183673470e+01
4.42025000000000e-07;9.37006802721089e+01
4.43500000000000e-07;1.01435374149660e+02
4.44975000000000e-07;1.08285714285714e+02
4.46450000000000e-07;1.13850340136054e+02
4.47925000000000e-07;1.17421768707483e+02
4.49400000000000e-07;1.19945578231293e+02
4.50875000000000e-07;1.21748299319728e+02
4.52350000000000e-07;1.23503401360544e+02
4.53825000000000e-07;1.24360544217687e+02
4.55300000000000e-07;1.23809523809524e+02
4.56775000000000e-07;1.22537414965986e+02
4.58250000000000e-07;1.20891156462585e+02
4.59725000000000e-07;1.19054421768708e+02
4.61200000000000e-07;1.17074829931973e+02
4.62675000000000e-07;1.15204081632653e+02
4.64150000000000e-07;1.13204081632653e+02
4.65625000000000e-07;1.11306122448980e+02
4.67100000000000e-07;1.10149659863946e+02
4.68575000000000e-07;1.09054421768708e+02
4.70050000000000e-07;1.07210884353742e+02
4.71525000000000e-07;1.04231292517007e+02
4.73000000000000e-07;9.96870748299320e+01
4.74475000000000e-07;9.38707482993198e+01
4.75950000000000e-07;8.71904761904762e+01
4.77425000000000e-07;7.96530612244898e+01
4.78900000000000e-07;7.16598639455783e+01
4.80375000000000e-07;6.34693877551021e+01
4.81850000000000e-07;5.58639455782313e+01
4.83325000000000e-07;4.92448979591837e+01
4.84800000000000e-07;4.27823129251701e+01
4.86275000000000e-07;3.64761904761905e+01
4.87750000000000e-07;3.06598639455783e+01
4.89225000000000e-07;2.56054421768708e+01
4.90700000000000e-07;2.14353741496599e+01
4.92175000000000e-07;1.80068027210884e+01
4.93650000000000e-07;1.50612244897959e+01
4.95125000000000e-07;1.23877551020408e+01
4.96600000000000e-07;1.01904761904762e+01
4.98075000000000e-07;8.52380952380953e+00
4.99550000000000e-07;7.27210884353742e+00
5.01025000000000e-07;6.35374149659864e+00
5.02500000000000e-07;5.76190476190477e+00
5.03975000000000e-07;5.18367346938776e+00
5.05450000000000e-07;4.75510204081633e+00
5.06925000000000e-07;4.36054421768708e+00
5.08400000000000e-07;3.98639455782313e+00
5.09875000000000e-07;3.85034013605443e+00
5.11350000000000e-07;3.68707482993198e+00
5.12825000000000e-07;3.41496598639456e+00
5.14300000000000e-07;3.03401360544218e+00
5.15775000000000e-07;2.61224489795919e+00
5.17250000000000e-07;2.31292517006803e+00
5.18725000000000e-07;2.27210884353742e+00
5.20200000000000e-07;2.25850340136055e+00
5.21675000000000e-07;2.31292517006803e+00
5.23150000000000e-07;2.27210884353742e+00
5.24625000000000e-07;2.21768707482993e+00
5.26100000000000e-07;2.08163265306123e+00
5.27575000000000e-07;1.91836734693878e+00
5.29050000000000e-07;1.85034013605442e+00
5.30525000000000e-07;1.69387755102041e+00
5.32000000000000e-07;1.44897959183674e+00
5.33475000000000e-07;1.22448979591837e+00
5.34950000000000e-07;1.05442176870748e+00
5.36425000000000e-07;9.72789115646259e-01
5.37900000000000e-07;1.04761904761905e+00
5.39375000000000e-07;1.04081632653061e+00
5.40850000000000e-07;1.02040816326531e+00
5.42325000000000e-07;9.86394557823130e-01
5.43800000000000e-07;9.86394557823130e-01
5.45275000000000e-07;1.02040816326531e+00
5.46750000000000e-07;1.04081632653061e+00
5.48225000000000e-07;1.04761904761905e+00
5.49700000000000e-07;1.04081632653061e+00
5.51175000000000e-07;1.03401360544218e+00
5.52650000000000e-07;9.79591836734695e-01
5.54125000000000e-07;9.52380952380953e-01
5.55600000000000e-07;9.04761904761905e-01
5.57075000000000e-07;8.50340136054422e-01
5.58550000000000e-07;8.50340136054422e-01
5.60025000000000e-07;9.04761904761905e-01
5.61500000000000e-07;9.52380952380953e-01
5.62975000000000e-07;9.93197278911565e-01
5.64450000000000e-07;1.01360544217687e+00
5.65925000000000e-07;1.00000000000000e+00
5.67400000000000e-07;1.00000000000000e+00
5.68875000000000e-07;1.00000000000000e+00
5.70350000000000e-07;1.00000000000000e+00
5.71825000000000e-07;1.00000000000000e+00
5.73300000000000e-07;1.00000000000000e+00
5.74775000000000e-07;1.00000000000000e+00
5.76250000000000e-07;1.00000000000000e+00
5.77725000000000e-07;1.00000000000000e+00
5.79200000000000e-07;1.00000000000000e+00
5.80675000000000e-07;1.00000000000000e+00
5.82150000000000e-07;1.00000000000000e+00
5.83625000000000e-07;1.00000000000000e+00
5.85100000000000e-07;1.00000000000000e+00
5.86575000000000e-07;1.00000000000000e+00
5.88050000000000e-07;1.00000000000000e+00
5.89525000000000e-07;1.00000000000000e+00
5.91000000000000e-07;1.00000000000000e+00
5.92475000000000e-07;1.00000000000000e+00
5.93950000000000e-07;1.00000000000000e+00
5.95425000000000e-07;1.00000000000000e+00
5.96900000000000e-07;1.00000000000000e+00
5.98375000000000e-07;1.00000000000000e+00
5.99850000000000e-07;1.00000000000000e+00
6.01325000000000e-07;1.00000000000000e+00
6.02800000000000e-07;1.00000000000000e+00
6.04275000000000e-07;1.00000000000000e+00
6.05750000000000e-07;1.00000000000000e+00
6.07225000000000e-07;1.00000000000000e+00
6.08700000000000e-07;1.00000000000000e+00
6.10175000000000e-07;1.00000000000000e+00
6.11650000000000e-07;1.00000000000000e+00
6.13125000000000e-07;1.00000000000000e+00
6.14600000000000e-07;1.00000000000000e+00
6.16075000000000e-07;1.00000000000000e+00
6.17550000000000e-07;1.00000000000000e+00
6.19025000000000e-07;1.00000000000000e+00
6.20500000000000e-07;1.00000000000000e+00
6.21975000000000e-07;1.00000000000000e+00
6.23450000000000e-07;1.00000000000000e+00
6.24925000000000e-07;1.00000000000000e+00
6.26400000000000e-07;1.00000000000000e+00
6.27875000000000e-07;1.00000000000000e+00
6.29350000000000e-07;1.00000000000000e+00
6.30825000000000e-07;1.00000000000000e+00
6.32300000000000e-07;1.00000000000000e+00
6.33775000000000e-07;1.00000000000000e+00
6.35250000000000e-07;1.00000000000000e+00
6.36725000000000e-07;1.00000000000000e+00
6.38200000000000e-07;1.00000000000000e+00
6.39675000000000e-07;1.00000000000000e+00
6.41150000000000e-07;1.00000000000000e+00
6.42625000000000e-07;1.00000000000000e+00
6.44100000000000e-07;1.00000000000000e+00
6.45575000000000e-07;1.00000000000000e+00
6.47050000000000e-07;1.00000000000000e+00
6.48525000000000e-07;1.00000000000000e+00
6.50000000000000e-07;1.00000000000000e+00
6.51475000000000e-07;1.00000000000000e+00
6.52950000000000e-07;1.00000000000000e+00
6.54425000000000e-07;1.00000000000000e+00
6.55900000000000e-07;1.00000000000000e+00
6.57375000000000e-07;1.00000000000000e+00
6.58850000000000e-07;1.00000000000000e+00
6.60325000000000e-07;1.00000000000000e+00
6.61800000000000e-07;1.00000000000000e+00
6.63275000000000e-07;1.00000000000000e+00
6.64750000000000e-07;1.00000000000000e+00
6.66225000000000e-07;1.00000000000000e+00
6.67700000000000e-07;1.00000000000000e+00
6.69175000000000e-07;1.00000000000000e+00
6.70650000000000e-07;1.00000000000000e+00
6.72125000000000e-07;1.00000000000000e+00
6.73600000000000e-07;1.00000000000000e+00
6.75075000000000e-07;1.00000000000000e+00
6.76550000000000e-07;1.00000000000000e+00
6.78025000000000e-07;1.00000000000000e+00
6.79500000000000e-07;1.00000000000000e+00
6.80975000000000e-07;1.00000000000000e+00
