3.72700000000000e-07;4.58503401360544e+00
3.74175000000000e-07;4.78571428571429e+00
3.75650000000000e-07;4.92857142857143e+00
3.77125000000000e-07;5.01360544217687e+00
3.78600000000000e-07;4.96598639455783e+00
3.80075000000000e-07;4.95238095238096e+00
3.81550000000000e-07;4.94557823129252e+00
3.83025000000000e-07;4.91156462585034e+00
3.84500000000000e-07;4.85714285714286e+00
3.85975000000000e-07;4.72789115646259e+00
3.87450000000000e-07;4.51020408163266e+00
3.88925000000000e-07;4.39455782312925e+00
3.90400000000000e-07;4.58503401360545e+00
3.91875000000000e-07;4.89115646258504e+00
3.93350000000000e-07;5.22448979591837e+00
3.94825000000000e-07;5.57823129251701e+00
3.96300000000000e-07;5.82993197278912e+00
3.97775000000000e-07;6.32653061224490e+00
3.99250000000000e-07;6.71428571428572e+00
4.00725000000000e-07;6.83673469387756e+00
4.02200000000000e-07;6.74149659863946e+00
4.03675000000000e-07;6.88435374149660e+00
4.05150000000000e-07;7.27210884353742e+00
4.06625000000000e-07;8.15646258503402e+00
4.08100000000000e-07;8.92517006802722e+00
4.09575000000000e-07;9.68707482993198e+00
4.11050000000000e-07;1.10544217687075e+01
4.12525000000000e-07;1.33333333333333e+01
4.14000000000000e-07;1.74761904761905e+01
4.15475000000000e-07;2.34965986394558e+01
4.16950000000000e-07;3.18775510204082e+01
4.18425000000000e-07;4.31020408163266e+01
4.19900000000000e-07;5.66802721088436e+01
4.21375000000000e-07;7.36054421768708e+01
4.22850000000000e-07;9.31088435374150e+01
4.24325000000000e-07;1.15292517006803e+02
4.25800000000000e-07;1.37897959183674e+02
4.27275000000000e-07;1.62727891156463e+02
4.28750000000000e-07;1.88448979591837e+02
4.30225000000000e-07;2.15272108843538e+02
4.31700000000000e-07;2.36891156462585e+02
4.33175000000000e-07;2.51360544217687e+02
4.34650000000000e-07;2.56387755102041e+02
4.36125000000000e-07;2.56530612244898e+02
4.37600000000000e-07;2.55013605442177e+02
4.39075000000000e-07;2.55000000000000e+02
4.40550000000000e-07;2.55000000000000e+02
4.42025000000000e-07;2.55000000000000e+02
4.43500000000000e-07;2.55000000000000e+02
4.44975000000000e-07;2.55000000000000e+02
4.46450000000000e-07;2.55000000000000e+02
4.47925000000000e-07;2.55000000000000e+02
4.49400000000000e-07;2.55000000000000e+02
4.50875000000000e-07;2.55000000000000e+02
4.52350000000000e-07;2.55054421768708e+02
4.53825000000000e-07;2.55040816326531e+02
4.55300000000000e-07;2.54816326530612e+02
4.56775000000000e-07;2.54482993197279e+02
4.58250000000000e-07;2.53843537414966e+02
4.59725000000000e-07;2.53122448979592e+02
4.61200000000000e-07;2.52149659863946e+02
4.62675000000000e-07;2.50904761904762e+02
4.64150000000000e-07;2.49639455782313e+02
4.65625000000000e-07;2.48673469387755e+02
4.67100000000000e-07;2.47619047619048e+02
4.68575000000000e-07;2.48013605442177e+02
4.70050000000000e-07;2.49401360544218e+02
4.71525000000000e-07;2.51278911564626e+02
4.73000000000000e-07;2.51836734693878e+02
4.74475000000000e-07;2.51115646258504e+02
4.75950000000000e-07;2.45857142857143e+02
4.77425000000000e-07;2.37897959183674e+02
4.78900000000000e-07;2.26666666666667e+02
4.80375000000000e-07;2.12659863945578e+02
4.81850000000000e-07;1.96673469387755e+02
4.83325000000000e-07;1.79863945578231e+02
4.84800000000000e-07;1.61551020408163e+02
4.86275000000000e-07;1.42578231292517e+02
4.87750000000000e-07;1.23795918367347e+02
4.89225000000000e-07;1.05380952380952e+02
4.90700000000000e-07;8.94557823129252e+01
4.92175000000000e-07;7.43265306122449e+01
4.93650000000000e-07;6.14693877551021e+01
4.95125000000000e-07;4.92789115646259e+01
4.96600000000000e-07;3.88503401360544e+01
4.98075000000000e-07;2.95442176870749e+01
4.99550000000000e-07;2.27551020408163e+01
5.01025000000000e-07;1.73877551020408e+01
5.02500000000000e-07;1.45374149659864e+01
5.03975000000000e-07;1.30408163265306e+01
5.05450000000000e-07;1.23741496598640e+01
5.06925000000000e-07;1.16802721088435e+01
5.08400000000000e-07;1.09319727891157e+01
5.09875000000000e-07;9.87074829931973e+00
5.11350000000000e-07;8.61224489795919e+00
5.12825000000000e-07;7.20408163265307e+00
5.14300000000000e-07;6.08843537414966e+00
5.15775000000000e-07;5.28571428571429e+00
5.17250000000000e-07;4.89115646258504e+00
5.18725000000000e-07;4.81632653061225e+00
5.20200000000000e-07;4.74149659863946e+00
5.21675000000000e-07;4.80952380952381e+00
5.23150000000000e-07;4.82993197278912e+00
5.24625000000000e-07;4.66666666666667e+00
5.26100000000000e-07;4.36054421768708e+00
5.27575000000000e-07;3.97278911564626e+00
5.29050000000000e-07;3.70068027210885e+00
5.30525000000000e-07;3.63265306122449e+00
5.32000000000000e-07;3.41496598639456e+00
5.33475000000000e-07;3.29931972789116e+00
5.34950000000000e-07;3.25850340136055e+00
5.36425000000000e-07;3.24489795918368e+00
5.37900000000000e-07;3.12244897959184e+00
5.39375000000000e-07;2.91156462585034e+00
5.40850000000000e-07;2.69387755102041e+00
5.42325000000000e-07;2.60544217687075e+00
5.43800000000000e-07;2.70068027210885e+00
5.45275000000000e-07;2.78911564625851e+00
5.46750000000000e-07;2.78911564625851e+00
5.48225000000000e-07;2.78911564625851e+00
5.49700000000000e-07;2.76190476190476e+00
5.51175000000000e-07;2.72108843537415e+00
5.52650000000000e-07;2.75510204081633e+00
5.54125000000000e-07;2.64625850340136e+00
5.55600000000000e-07;2.57142857142857e+00
5.57075000000000e-07;2.48299319727891e+00
5.58550000000000e-07;2.42176870748300e+00
5.60025000000000e-07;2.41496598639456e+00
5.61500000000000e-07;2.42857142857143e+00
5.62975000000000e-07;2.44217687074830e+00
5.64450000000000e-07;2.43537414965987e+00
5.65925000000000e-07;2.36054421768708e+00
5.67400000000000e-07;2.30612244897959e+00
5.68875000000000e-07;2.21088435374150e+00
5.70350000000000e-07;2.19727891156463e+00
5.71825000000000e-07;2.26530612244898e+00
5.73300000000000e-07;2.35374149659864e+00
5.74775000000000e-07;2.38775510204082e+00
5.76250000000000e-07;2.44897959183674e+00
5.77725000000000e-07;2.46938775510204e+00
5.79200000000000e-07;2.56462585034014e+00
5.80675000000000e-07;2.71428571428572e+00
5.82150000000000e-07;2.90476190476191e+00
5.83625000000000e-07;2.93877551020408e+00
5.85100000000000e-07;2.91836734693878e+00
5.86575000000000e-07;2.68707482993198e+00
5.88050000000000e-07;2.39455782312925e+00
5.89525000000000e-07;2.21768707482993e+00
5.91000000000000e-07;2.17687074829932e+00
5.92475000000000e-07;2.12244897959184e+00
5.93950000000000e-07;2.14965986394558e+00
5.95425000000000e-07;2.05442176870748e+00
5.96900000000000e-07;2.01360544217687e+00
5.98375000000000e-07;2.01360544217687e+00
5.99850000000000e-07;2.09523809523810e+00
6.01325000000000e-07;2.10884353741497e+00
6.02800000000000e-07;1.95238095238095e+00
6.04275000000000e-07;1.69387755102041e+00
6.05750000000000e-07;1.46258503401361e+00
6.07225000000000e-07;1.23809523809524e+00
6.08700000000000e-07;1.25850340136055e+00
6.10175000000000e-07;1.38095238095238e+00
6.11650000000000e-07;1.47619047619048e+00
6.13125000000000e-07;1.57142857142857e+00
6.14600000000000e-07;1.59183673469388e+00
6.16075000000000e-07;1.55102040816327e+00
6.17550000000000e-07;1.47619047619048e+00
6.19025000000000e-07;1.33333333333333e+00
6.20500000000000e-07;1.17687074829932e+00
6.21975000000000e-07;1.06122448979592e+00
6.23450000000000e-07;9.65986394557824e-01
6.24925000000000e-07;9.93197278911565e-01
6.26400000000000e-07;1.03401360544218e+00
6.27875000000000e-07;1.10204081632653e+00
6.29350000000000e-07;1.18367346938776e+00
6.30825000000000e-07;1.25170068027211e+00
6.32300000000000e-07;1.26530612244898e+00
6.33775000000000e-07;1.31972789115646e+00
6.35250000000000e-07;1.32653061224490e+00
6.36725000000000e-07;1.33333333333333e+00
6.38200000000000e-07;1.32653061224490e+00
6.39675000000000e-07;1.31972789115646e+00
6.41150000000000e-07;1.27891156462585e+00
6.42625000000000e-07;1.21768707482993e+00
6.44100000000000e-07;1.13605442176871e+00
6.45575000000000e-07;1.10884353741497e+00
6.47050000000000e-07;1.14965986394558e+00
6.48525000000000e-07;1.22448979591837e+00
6.50000000000000e-07;1.23809523809524e+00
6.51475000000000e-07;1.15646258503401e+00
6.52950000000000e-07;1.05442176870748e+00
6.54425000000000e-07;9.93197278911565e-01
6.55900000000000e-07;9.86394557823130e-01
6.57375000000000e-07;1.01360544217687e+00
6.58850000000000e-07;9.93197278911565e-01
6.60325000000000e-07;9.52380952380953e-01
6.61800000000000e-07;9.04761904761905e-01
6.63275000000000e-07;8.50340136054422e-01
6.64750000000000e-07;8.50340136054422e-01
6.66225000000000e-07;9.04761904761905e-01
6.67700000000000e-07;9.52380952380953e-01
6.69175000000000e-07;9.93197278911565e-01
6.70650000000000e-07;1.00000000000000e+00
6.72125000000000e-07;1.02040816326531e+00
6.73600000000000e-07;1.04081632653061e+00
6.75075000000000e-07;1.07482993197279e+00
6.76550000000000e-07;1.02721088435374e+00
6.78025000000000e-07;9.48979591836735e-01
6.79500000000000e-07;8.26530612244898e-01
6.80975000000000e-07;6.59863945578232e-01
