3.72700000000000e-07;4.96598639455782e+00
3.74175000000000e-07;5.05102040816327e+00
3.75650000000000e-07;5.05102040816327e+00
3.77125000000000e-07;4.96598639455783e+00
3.78600000000000e-07;4.69387755102041e+00
3.80075000000000e-07;4.48979591836735e+00
3.81550000000000e-07;4.55102040816327e+00
3.83025000000000e-07;4.96598639455783e+00
3.84500000000000e-07;5.53741496598640e+00
3.85975000000000e-07;5.99319727891157e+00
3.87450000000000e-07;6.19047619047620e+00
3.88925000000000e-07;6.32653061224490e+00
3.90400000000000e-07;6.68027210884354e+00
3.91875000000000e-07;7.26530612244898e+00
3.93350000000000e-07;7.81632653061225e+00
3.94825000000000e-07;8.37414965986395e+00
3.96300000000000e-07;8.80272108843538e+00
3.97775000000000e-07;9.13605442176871e+00
3.99250000000000e-07;9.60544217687075e+00
4.00725000000000e-07;1.00544217687075e+01
4.02200000000000e-07;1.03401360544218e+01
4.03675000000000e-07;1.04353741496599e+01
4.05150000000000e-07;1.09387755102041e+01
4.06625000000000e-07;1.20476190476191e+01
4.08100000000000e-07;1.33061224489796e+01
4.09575000000000e-07;1.42176870748299e+01
4.11050000000000e-07;1.57482993197279e+01
4.12525000000000e-07;1.86462585034014e+01
4.14000000000000e-07;2.45782312925170e+01
4.15475000000000e-07;3.39659863945578e+01
4.16950000000000e-07;4.60204081632653e+01
4.18425000000000e-07;6.10272108843538e+01
4.19900000000000e-07;7.82176870748300e+01
4.21375000000000e-07;9.82244897959184e+01
4.22850000000000e-07;1.19836734693878e+02
4.24325000000000e-07;1.44795918367347e+02
4.25800000000000e-07;1.70517006802721e+02
4.27275000000000e-07;1.97251700680272e+02
4.28750000000000e-07;2.21768707482993e+02
4.30225000000000e-07;2.40748299319728e+02
4.31700000000000e-07;2.51278911564626e+02
4.33175000000000e-07;2.56231292517007e+02
4.34650000000000e-07;2.56278911564626e+02
4.36125000000000e-07;2.54836734693878e+02
4.37600000000000e-07;2.54510204081633e+02
4.39075000000000e-07;2.54428571428572e+02
4.40550000000000e-07;2.54510204081633e+02
4.42025000000000e-07;2.54755102040817e+02
4.43500000000000e-07;2.55163265306123e+02
4.44975000000000e-07;2.55000000000000e+02
4.46450000000000e-07;2.55000000000000e+02
4.47925000000000e-07;2.55000000000000e+02
4.49400000000000e-07;2.55000000000000e+02
4.50875000000000e-07;2.55027210884354e+02
4.52350000000000e-07;2.54959183673470e+02
4.53825000000000e-07;2.55000000000000e+02
4.55300000000000e-07;2.54918367346939e+02
4.56775000000000e-07;2.54687074829932e+02
4.58250000000000e-07;2.54265306122449e+02
4.59725000000000e-07;2.53598639455782e+02
4.61200000000000e-07;2.52632653061225e+02
4.62675000000000e-07;2.51755102040817e+02
4.64150000000000e-07;2.50319727891157e+02
4.65625000000000e-07;2.48401360544218e+02
4.67100000000000e-07;2.46843537414966e+02
4.68575000000000e-07;2.46517006802721e+02
4.70050000000000e-07;2.47163265306123e+02
4.71525000000000e-07;2.48278911564626e+02
4.73000000000000e-07;2.47571428571429e+02
4.74475000000000e-07;2.46367346938776e+02
4.75950000000000e-07;2.45170068027211e+02
4.77425000000000e-07;2.45571428571429e+02
4.78900000000000e-07;2.43163265306123e+02
4.80375000000000e-07;2.35993197278912e+02
4.81850000000000e-07;2.22829931972789e+02
4.83325000000000e-07;2.05911564625851e+02
4.84800000000000e-07;1.87482993197279e+02
4.86275000000000e-07;1.69408163265306e+02
4.87750000000000e-07;1.50544217687075e+02
4.89225000000000e-07;1.31564625850340e+02
4.90700000000000e-07;1.14258503401361e+02
4.92175000000000e-07;9.74965986394559e+01
4.93650000000000e-07;8.30204081632654e+01
4.95125000000000e-07;6.95238095238096e+01
4.96600000000000e-07;5.77959183673470e+01
4.98075000000000e-07;4.75782312925170e+01
4.99550000000000e-07;3.90136054421769e+01
5.01025000000000e-07;3.06598639455783e+01
5.02500000000000e-07;2.46326530612245e+01
5.03975000000000e-07;2.03741496598640e+01
5.05450000000000e-07;1.77551020408163e+01
5.06925000000000e-07;1.62380952380953e+01
5.08400000000000e-07;1.47278911564626e+01
5.09875000000000e-07;1.28367346938776e+01
5.11350000000000e-07;1.13877551020408e+01
5.12825000000000e-07;1.00204081632653e+01
5.14300000000000e-07;9.13605442176871e+00
5.15775000000000e-07;8.42857142857143e+00
5.17250000000000e-07;7.97959183673470e+00
5.18725000000000e-07;7.67346938775511e+00
5.20200000000000e-07;7.51020408163266e+00
5.21675000000000e-07;7.21768707482994e+00
5.23150000000000e-07;6.80952380952381e+00
5.24625000000000e-07;6.11564625850341e+00
5.26100000000000e-07;5.61224489795919e+00
5.27575000000000e-07;5.21768707482993e+00
5.29050000000000e-07;4.97278911564626e+00
5.30525000000000e-07;4.84353741496599e+00
5.32000000000000e-07;4.61224489795919e+00
5.33475000000000e-07;4.38775510204082e+00
5.34950000000000e-07;4.36054421768708e+00
5.36425000000000e-07;4.12244897959184e+00
5.37900000000000e-07;3.72108843537415e+00
5.39375000000000e-07;3.34693877551021e+00
5.40850000000000e-07;2.98639455782313e+00
5.42325000000000e-07;2.88435374149660e+00
5.43800000000000e-07;3.00680272108844e+00
5.45275000000000e-07;3.06122448979592e+00
5.46750000000000e-07;3.03401360544218e+00
5.48225000000000e-07;2.99319727891157e+00
5.49700000000000e-07;2.74829931972789e+00
5.51175000000000e-07;2.61224489795919e+00
5.52650000000000e-07;2.50340136054422e+00
5.54125000000000e-07;2.39455782312925e+00
5.55600000000000e-07;2.27891156462585e+00
5.57075000000000e-07;2.26530612244898e+00
5.58550000000000e-07;2.38775510204082e+00
5.60025000000000e-07;2.61904761904762e+00
5.61500000000000e-07;2.84353741496599e+00
5.62975000000000e-07;3.03401360544218e+00
5.64450000000000e-07;3.02721088435374e+00
5.65925000000000e-07;2.90476190476191e+00
5.67400000000000e-07;2.80952380952381e+00
5.68875000000000e-07;2.67346938775510e+00
5.70350000000000e-07;2.68707482993198e+00
5.71825000000000e-07;2.94557823129252e+00
5.73300000000000e-07;3.20408163265306e+00
5.74775000000000e-07;3.34013605442177e+00
5.76250000000000e-07;3.32653061224490e+00
5.77725000000000e-07;3.13605442176871e+00
5.79200000000000e-07;2.98639455782313e+00
5.80675000000000e-07;2.97278911564626e+00
5.82150000000000e-07;3.02721088435374e+00
5.83625000000000e-07;3.01360544217687e+00
5.85100000000000e-07;2.89115646258504e+00
5.86575000000000e-07;2.72789115646259e+00
5.88050000000000e-07;2.53061224489796e+00
5.89525000000000e-07;2.36734693877551e+00
5.91000000000000e-07;2.31972789115646e+00
5.92475000000000e-07;2.25850340136055e+00
5.93950000000000e-07;2.23809523809524e+00
5.95425000000000e-07;2.31292517006803e+00
5.96900000000000e-07;2.32653061224490e+00
5.98375000000000e-07;2.30612244897959e+00
5.99850000000000e-07;2.29251700680272e+00
6.01325000000000e-07;2.17006802721089e+00
6.02800000000000e-07;2.00680272108844e+00
6.04275000000000e-07;1.85714285714286e+00
6.05750000000000e-07;1.68027210884354e+00
6.07225000000000e-07;1.55782312925170e+00
6.08700000000000e-07;1.54421768707483e+00
6.10175000000000e-07;1.57142857142857e+00
6.11650000000000e-07;1.57142857142857e+00
6.13125000000000e-07;1.58503401360544e+00
6.14600000000000e-07;1.53741496598640e+00
6.16075000000000e-07;1.42857142857143e+00
6.17550000000000e-07;1.55782312925170e+00
6.19025000000000e-07;2.09523809523810e+00
6.20500000000000e-07;2.70068027210885e+00
6.21975000000000e-07;3.12244897959184e+00
6.23450000000000e-07;3.12244897959184e+00
6.24925000000000e-07;2.72108843537415e+00
6.26400000000000e-07;2.31972789115646e+00
6.27875000000000e-07;2.14285714285714e+00
6.29350000000000e-07;1.91156462585034e+00
6.30825000000000e-07;1.67346938775510e+00
6.32300000000000e-07;1.43537414965986e+00
6.33775000000000e-07;1.30612244897959e+00
6.35250000000000e-07;1.06122448979592e+00
6.36725000000000e-07;7.68707482993198e-01
6.38200000000000e-07;4.21768707482993e-01
6.39675000000000e-07;8.84353741496599e-02
6.41150000000000e-07;1.02040816326531e-01
6.42625000000000e-07;4.28571428571429e-01
6.44100000000000e-07;7.14285714285715e-01
6.45575000000000e-07;9.31972789115647e-01
6.47050000000000e-07;1.08163265306123e+00
6.48525000000000e-07;1.11564625850340e+00
6.50000000000000e-07;1.23129251700680e+00
6.51475000000000e-07;1.31972789115646e+00
6.52950000000000e-07;1.35374149659864e+00
6.54425000000000e-07;1.25170068027211e+00
6.55900000000000e-07;1.24489795918367e+00
6.57375000000000e-07;1.55782312925170e+00
6.58850000000000e-07;1.80272108843538e+00
6.60325000000000e-07;2.03401360544218e+00
6.61800000000000e-07;2.17006802721089e+00
6.63275000000000e-07;2.15646258503401e+00
6.64750000000000e-07;2.06122448979592e+00
6.66225000000000e-07;2.07482993197279e+00
6.67700000000000e-07;1.95238095238095e+00
6.69175000000000e-07;1.87074829931973e+00
6.70650000000000e-07;1.84353741496599e+00
6.72125000000000e-07;1.86394557823129e+00
6.73600000000000e-07;1.80272108843538e+00
6.75075000000000e-07;1.71428571428572e+00
6.76550000000000e-07;1.65306122448980e+00
6.78025000000000e-07;1.56122448979592e+00
6.79500000000000e-07;1.45918367346939e+00
6.80975000000000e-07;1.34693877551021e+00
