3.72700000000000e-07;1.00000000000000e+00
3.74175000000000e-07;1.00000000000000e+00
3.75650000000000e-07;1.00000000000000e+00
3.77125000000000e-07;1.00000000000000e+00
3.78600000000000e-07;1.00000000000000e+00
3.80075000000000e-07;1.00000000000000e+00
3.81550000000000e-07;1.01360544217687e+00
3.83025000000000e-07;9.93197278911565e-01
3.84500000000000e-07;9.38775510204082e-01
3.85975000000000e-07;9.11564625850341e-01
3.87450000000000e-07;9.11564625850341e-01
3.88925000000000e-07;9.52380952380953e-01
3.90400000000000e-07;9.86394557823130e-01
3.91875000000000e-07;9.52380952380953e-01
3.93350000000000e-07;9.11564625850341e-01
3.94825000000000e-07;9.11564625850341e-01
3.96300000000000e-07;9.38775510204082e-01
3.97775000000000e-07;9.93197278911565e-01
3.99250000000000e-07;1.01360544217687e+00
4.00725000000000e-07;1.00000000000000e+00
4.02200000000000e-07;1.00000000000000e+00
4.03675000000000e-07;1.00000000000000e+00
4.05150000000000e-07;1.00000000000000e+00
4.06625000000000e-07;1.00000000000000e+00
4.08100000000000e-07;1.00000000000000e+00
4.09575000000000e-07;1.00000000000000e+00
4.11050000000000e-07;1.00000000000000e+00
4.12525000000000e-07;1.00000000000000e+00
4.14000000000000e-07;1.00000000000000e+00
4.15475000000000e-07;1.00000000000000e+00
4.16950000000000e-07;1.00000000000000e+00
4.18425000000000e-07;1.00000000000000e+00
4.19900000000000e-07;1.00000000000000e+00
4.21375000000000e-07;1.00000000000000e+00
4.22850000000000e-07;1.00000000000000e+00
4.24325000000000e-07;1.00000000000000e+00
4.25800000000000e-07;1.00000000000000e+00
4.27275000000000e-07;1.00000000000000e+00
4.28750000000000e-07;1.00000000000000e+00
4.30225000000000e-07;1.00000000000000e+00
4.31700000000000e-07;1.00000000000000e+00
4.33175000000000e-07;1.00000000000000e+00
4.34650000000000e-07;1.00000000000000e+00
4.36125000000000e-07;1.00000000000000e+00
4.37600000000000e-07;1.00000000000000e+00
4.39075000000000e-07;1.00000000000000e+00
4.40550000000000e-07;1.00000000000000e+00
4.42025000000000e-07;1.00000000000000e+00
4.43500000000000e-07;1.00000000000000e+00
4.44975000000000e-07;1.00000000000000e+00
4.46450000000000e-07;1.00000000000000e+00
4.47925000000000e-07;1.00000000000000e+00
4.49400000000000e-07;1.00000000000000e+00
4.50875000000000e-07;1.00000000000000e+00
4.52350000000000e-07;1.00000000000000e+00
4.53825000000000e-07;1.00000000000000e+00
4.55300000000000e-07;1.00000000000000e+00
4.56775000000000e-07;1.00000000000000e+00
4.58250000000000e-07;1.00000000000000e+00
4.59725000000000e-07;1.00000000000000e+00
4.61200000000000e-07;1.00000000000000e+00
4.62675000000000e-07;1.00000000000000e+00
4.64150000000000e-07;1.00000000000000e+00
4.65625000000000e-07;1.00000000000000e+00
4.67100000000000e-07;1.00000000000000e+00
4.68575000000000e-07;1.00000000000000e+00
4.70050000000000e-07;1.00000000000000e+00
4.71525000000000e-07;1.00000000000000e+00
4.73000000000000e-07;1.00000000000000e+00
4.74475000000000e-07;1.00000000000000e+00
4.75950000000000e-07;1.00000000000000e+00
4.77425000000000e-07;1.00000000000000e+00
4.78900000000000e-07;1.00000000000000e+00
4.80375000000000e-07;1.00000000000000e+00
4.81850000000000e-07;1.00000000000000e+00
4.83325000000000e-07;1.00000000000000e+00
4.84800000000000e-07;1.00000000000000e+00
4.86275000000000e-07;1.00000000000000e+00
4.87750000000000e-07;1.00000000000000e+00
4.89225000000000e-07;1.00000000000000e+00
4.90700000000000e-07;1.00000000000000e+00
4.92175000000000e-07;1.00000000000000e+00
4.93650000000000e-07;1.01360544217687e+00
4.95125000000000e-07;9.93197278911565e-01
4.96600000000000e-07;9.52380952380953e-01
4.98075000000000e-07;8.91156462585035e-01
4.99550000000000e-07;8.70748299319729e-01
5.01025000000000e-07;8.91156462585035e-01
5.02500000000000e-07;9.52380952380953e-01
5.03975000000000e-07;9.93197278911565e-01
5.05450000000000e-07;1.01360544217687e+00
5.06925000000000e-07;1.00000000000000e+00
5.08400000000000e-07;1.00000000000000e+00
5.09875000000000e-07;1.01360544217687e+00
5.11350000000000e-07;9.79591836734695e-01
5.12825000000000e-07;9.59183673469388e-01
5.14300000000000e-07;9.52380952380953e-01
5.15775000000000e-07;9.59183673469388e-01
5.17250000000000e-07;9.79591836734695e-01
5.18725000000000e-07;1.01360544217687e+00
5.20200000000000e-07;1.00000000000000e+00
5.21675000000000e-07;1.02721088435374e+00
5.23150000000000e-07;9.86394557823130e-01
5.24625000000000e-07;9.04761904761905e-01
5.26100000000000e-07;8.09523809523810e-01
5.27575000000000e-07;7.27891156462586e-01
5.29050000000000e-07;6.59863945578232e-01
5.30525000000000e-07;7.27891156462586e-01
5.32000000000000e-07;8.09523809523810e-01
5.33475000000000e-07;9.18367346938776e-01
5.34950000000000e-07;9.79591836734695e-01
5.36425000000000e-07;9.65986394557824e-01
5.37900000000000e-07;8.84353741496599e-01
5.39375000000000e-07;9.65986394557824e-01
5.40850000000000e-07;9.72789115646259e-01
5.42325000000000e-07;1.04761904761905e+00
5.43800000000000e-07;1.17687074829932e+00
5.45275000000000e-07;1.18367346938776e+00
5.46750000000000e-07;1.19047619047619e+00
5.48225000000000e-07;1.49659863945578e+00
5.49700000000000e-07;1.61904761904762e+00
5.51175000000000e-07;1.71428571428572e+00
5.52650000000000e-07;1.77551020408163e+00
5.54125000000000e-07;1.63945578231293e+00
5.55600000000000e-07;1.51020408163265e+00
5.57075000000000e-07;1.55782312925170e+00
5.58550000000000e-07;1.76190476190476e+00
5.60025000000000e-07;2.03401360544218e+00
5.61500000000000e-07;2.25170068027211e+00
5.62975000000000e-07;2.48979591836735e+00
5.64450000000000e-07;2.59863945578231e+00
5.65925000000000e-07;2.65986394557823e+00
5.67400000000000e-07;2.90476190476191e+00
5.68875000000000e-07;2.96598639455783e+00
5.70350000000000e-07;3.17687074829932e+00
5.71825000000000e-07;3.52380952380953e+00
5.73300000000000e-07;3.93877551020408e+00
5.74775000000000e-07;4.63265306122449e+00
5.76250000000000e-07;6.46938775510205e+00
5.77725000000000e-07;1.01088435374150e+01
5.79200000000000e-07;1.68911564625850e+01
5.80675000000000e-07;2.66938775510204e+01
5.82150000000000e-07;3.88979591836735e+01
5.83625000000000e-07;5.11700680272109e+01
5.85100000000000e-07;6.78503401360545e+01
5.86575000000000e-07;8.91972789115647e+01
5.88050000000000e-07;1.12782312925170e+02
5.89525000000000e-07;1.37034013605442e+02
5.91000000000000e-07;1.57414965986395e+02
5.92475000000000e-07;1.72414965986395e+02
5.93950000000000e-07;1.87102040816327e+02
5.95425000000000e-07;2.03081632653061e+02
5.96900000000000e-07;2.16823129251701e+02
5.98375000000000e-07;2.29782312925170e+02
5.99850000000000e-07;2.39020408163266e+02
6.01325000000000e-07;2.45959183673470e+02
6.02800000000000e-07;2.50190476190476e+02
6.04275000000000e-07;2.52435374149660e+02
6.05750000000000e-07;2.51585034013606e+02
6.07225000000000e-07;2.48884353741497e+02
6.08700000000000e-07;2.45884353741497e+02
6.10175000000000e-07;2.44659863945578e+02
6.11650000000000e-07;2.46074829931973e+02
6.13125000000000e-07;2.48319727891157e+02
6.14600000000000e-07;2.51564625850340e+02
6.16075000000000e-07;2.53530612244898e+02
6.17550000000000e-07;2.54510204081633e+02
6.19025000000000e-07;2.54646258503402e+02
6.20500000000000e-07;2.55639455782313e+02
6.21975000000000e-07;2.56210884353742e+02
6.23450000000000e-07;2.52034013605442e+02
6.24925000000000e-07;2.47380952380953e+02
6.26400000000000e-07;2.43775510204082e+02
6.27875000000000e-07;2.45108843537415e+02
6.29350000000000e-07;2.49027210884354e+02
6.30825000000000e-07;2.49727891156463e+02
6.32300000000000e-07;2.38333333333333e+02
6.33775000000000e-07;2.16319727891157e+02
6.35250000000000e-07;1.86442176870748e+02
6.36725000000000e-07;1.54312925170068e+02
6.38200000000000e-07;1.25088435374150e+02
6.39675000000000e-07;9.90884353741497e+01
6.41150000000000e-07;7.72108843537416e+01
6.42625000000000e-07;5.76462585034014e+01
6.44100000000000e-07;4.27551020408164e+01
6.45575000000000e-07;3.04897959183674e+01
6.47050000000000e-07;2.33537414965987e+01
6.48525000000000e-07;1.83537414965987e+01
6.50000000000000e-07;1.46598639455782e+01
6.51475000000000e-07;1.04897959183674e+01
6.52950000000000e-07;7.71428571428572e+00
6.54425000000000e-07;5.53061224489796e+00
6.55900000000000e-07;4.37414965986395e+00
6.57375000000000e-07;3.67346938775511e+00
6.58850000000000e-07;3.68707482993198e+00
6.60325000000000e-07;3.59183673469388e+00
6.61800000000000e-07;3.65306122448980e+00
6.63275000000000e-07;3.26530612244898e+00
6.64750000000000e-07;2.68707482993198e+00
6.66225000000000e-07;2.12925170068027e+00
6.67700000000000e-07;1.88435374149660e+00
6.69175000000000e-07;1.87755102040816e+00
6.70650000000000e-07;2.19047619047619e+00
6.72125000000000e-07;2.28571428571429e+00
6.73600000000000e-07;2.21088435374150e+00
6.75075000000000e-07;2.01360544217687e+00
6.76550000000000e-07;1.85714285714286e+00
6.78025000000000e-07;1.73469387755102e+00
6.79500000000000e-07;1.65306122448980e+00
6.80975000000000e-07;1.61224489795919e+00
