3.72700000000000e-07;1.00000000000000e+00
3.74175000000000e-07;1.00000000000000e+00
3.75650000000000e-07;1.00000000000000e+00
3.77125000000000e-07;1.00000000000000e+00
3.78600000000000e-07;1.00000000000000e+00
3.80075000000000e-07;1.00000000000000e+00
3.81550000000000e-07;1.00000000000000e+00
3.83025000000000e-07;1.00000000000000e+00
3.84500000000000e-07;1.00000000000000e+00
3.85975000000000e-07;1.00000000000000e+00
3.87450000000000e-07;1.00000000000000e+00
3.88925000000000e-07;1.00000000000000e+00
3.90400000000000e-07;1.00000000000000e+00
3.91875000000000e-07;1.00000000000000e+00
3.93350000000000e-07;1.00000000000000e+00
3.94825000000000e-07;1.00000000000000e+00
3.96300000000000e-07;1.00000000000000e+00
3.97775000000000e-07;1.02116402116402e+00
3.99250000000000e-07;9.89417989417990e-01
4.00725000000000e-07;9.25925925925927e-01
4.02200000000000e-07;8.51851851851853e-01
4.03675000000000e-07;7.67195767195768e-01
4.05150000000000e-07;7.67195767195768e-01
4.06625000000000e-07;8.51851851851853e-01
4.08100000000000e-07;9.25925925925927e-01
4.09575000000000e-07;9.89417989417990e-01
4.11050000000000e-07;1.02116402116402e+00
4.12525000000000e-07;1.00000000000000e+00
4.14000000000000e-07;1.00000000000000e+00
4.15475000000000e-07;1.00000000000000e+00
4.16950000000000e-07;1.00000000000000e+00
4.18425000000000e-07;1.00000000000000e+00
4.19900000000000e-07;1.00000000000000e+00
4.21375000000000e-07;1.00000000000000e+00
4.22850000000000e-07;1.00000000000000e+00
4.24325000000000e-07;1.00000000000000e+00
4.25800000000000e-07;1.00000000000000e+00
4.27275000000000e-07;1.00000000000000e+00
4.28750000000000e-07;1.00000000000000e+00
4.30225000000000e-07;1.00000000000000e+00
4.31700000000000e-07;1.00000000000000e+00
4.33175000000000e-07;1.00000000000000e+00
4.34650000000000e-07;1.00000000000000e+00
4.36125000000000e-07;1.00000000000000e+00
4.37600000000000e-07;1.00000000000000e+00
4.39075000000000e-07;1.00000000000000e+00
4.40550000000000e-07;1.00000000000000e+00
4.42025000000000e-07;1.00000000000000e+00
4.43500000000000e-07;1.00000000000000e+00
4.44975000000000e-07;1.00000000000000e+00
4.46450000000000e-07;1.00000000000000e+00
4.47925000000000e-07;1.00000000000000e+00
4.49400000000000e-07;1.00000000000000e+00
4.50875000000000e-07;1.00000000000000e+00
4.52350000000000e-07;1.00000000000000e+00
4.53825000000000e-07;1.00000000000000e+00
4.55300000000000e-07;1.00000000000000e+00
4.56775000000000e-07;1.00000000000000e+00
4.58250000000000e-07;1.00000000000000e+00
4.59725000000000e-07;1.00000000000000e+00
4.61200000000000e-07;1.00000000000000e+00
4.62675000000000e-07;1.00000000000000e+00
4.64150000000000e-07;1.00000000000000e+00
4.65625000000000e-07;1.00000000000000e+00
4.67100000000000e-07;1.00000000000000e+00
4.68575000000000e-07;1.00000000000000e+00
4.70050000000000e-07;1.00000000000000e+00
4.71525000000000e-07;1.00000000000000e+00
4.73000000000000e-07;1.00000000000000e+00
4.74475000000000e-07;1.00000000000000e+00
4.75950000000000e-07;1.00000000000000e+00
4.77425000000000e-07;1.00000000000000e+00
4.78900000000000e-07;1.00000000000000e+00
4.80375000000000e-07;1.00000000000000e+00
4.81850000000000e-07;1.00000000000000e+00
4.83325000000000e-07;1.00000000000000e+00
4.84800000000000e-07;1.00000000000000e+00
4.86275000000000e-07;1.00000000000000e+00
4.87750000000000e-07;1.00000000000000e+00
4.89225000000000e-07;1.00000000000000e+00
4.90700000000000e-07;1.00000000000000e+00
4.92175000000000e-07;1.00000000000000e+00
4.93650000000000e-07;1.00000000000000e+00
4.95125000000000e-07;1.00000000000000e+00
4.96600000000000e-07;1.00000000000000e+00
4.98075000000000e-07;1.01058201058201e+00
4.99550000000000e-07;9.94708994708995e-01
5.01025000000000e-07;9.62962962962964e-01
5.02500000000000e-07;9.25925925925927e-01
5.03975000000000e-07;8.94179894179895e-01
5.05450000000000e-07;8.67724867724868e-01
5.06925000000000e-07;8.94179894179895e-01
5.08400000000000e-07;9.25925925925927e-01
5.09875000000000e-07;9.62962962962964e-01
5.11350000000000e-07;9.94708994708995e-01
5.12825000000000e-07;1.01058201058201e+00
5.14300000000000e-07;1.00000000000000e+00
5.15775000000000e-07;1.00000000000000e+00
5.17250000000000e-07;1.00000000000000e+00
5.18725000000000e-07;1.00000000000000e+00
5.20200000000000e-07;1.00000000000000e+00
5.21675000000000e-07;1.00000000000000e+00
5.23150000000000e-07;1.00000000000000e+00
5.24625000000000e-07;1.00000000000000e+00
5.26100000000000e-07;1.00000000000000e+00
5.27575000000000e-07;1.00000000000000e+00
5.29050000000000e-07;1.00000000000000e+00
5.30525000000000e-07;1.00000000000000e+00
5.32000000000000e-07;1.00000000000000e+00
5.33475000000000e-07;1.00000000000000e+00
5.34950000000000e-07;1.00000000000000e+00
5.36425000000000e-07;1.00000000000000e+00
5.37900000000000e-07;1.00000000000000e+00
5.39375000000000e-07;1.00000000000000e+00
5.40850000000000e-07;1.00000000000000e+00
5.42325000000000e-07;1.00000000000000e+00
5.43800000000000e-07;1.00000000000000e+00
5.45275000000000e-07;1.01058201058201e+00
5.46750000000000e-07;9.94708994708996e-01
5.48225000000000e-07;9.62962962962964e-01
5.49700000000000e-07;9.25925925925927e-01
5.51175000000000e-07;8.83597883597884e-01
5.52650000000000e-07;8.83597883597884e-01
5.54125000000000e-07;9.25925925925927e-01
5.55600000000000e-07;9.62962962962964e-01
5.57075000000000e-07;1.02645502645503e+00
5.58550000000000e-07;9.94708994708995e-01
5.60025000000000e-07;8.25396825396826e-01
5.61500000000000e-07;7.56613756613757e-01
5.62975000000000e-07;9.94708994708996e-01
5.64450000000000e-07;1.23280423280423e+00
5.65925000000000e-07;1.43915343915344e+00
5.67400000000000e-07;1.46560846560847e+00
5.68875000000000e-07;1.29100529100529e+00
5.70350000000000e-07;1.29629629629630e+00
5.71825000000000e-07;1.64550264550265e+00
5.73300000000000e-07;2.15343915343916e+00
5.74775000000000e-07;2.60317460317460e+00
5.76250000000000e-07;3.16402116402117e+00
5.77725000000000e-07;3.86243386243386e+00
5.79200000000000e-07;5.80952380952381e+00
5.80675000000000e-07;8.67195767195768e+00
5.82150000000000e-07;1.36719576719577e+01
5.83625000000000e-07;2.01269841269841e+01
5.85100000000000e-07;3.02857142857143e+01
5.86575000000000e-07;4.44074074074074e+01
5.88050000000000e-07;6.13280423280424e+01
5.89525000000000e-07;7.89841269841270e+01
5.91000000000000e-07;9.46296296296297e+01
5.92475000000000e-07;1.07539682539683e+02
5.93950000000000e-07;1.20216931216931e+02
5.95425000000000e-07;1.34571428571429e+02
5.96900000000000e-07;1.47931216931217e+02
5.98375000000000e-07;1.61084656084656e+02
5.99850000000000e-07;1.72359788359788e+02
6.01325000000000e-07;1.84714285714286e+02
6.02800000000000e-07;1.98079365079365e+02
6.04275000000000e-07;2.13804232804233e+02
6.05750000000000e-07;2.28386243386244e+02
6.07225000000000e-07;2.40873015873016e+02
6.08700000000000e-07;2.49153439153439e+02
6.10175000000000e-07;2.54137566137566e+02
6.11650000000000e-07;2.55507936507937e+02
6.13125000000000e-07;2.55259259259259e+02
6.14600000000000e-07;2.54042328042328e+02
6.16075000000000e-07;2.52629629629630e+02
6.17550000000000e-07;2.51370370370371e+02
6.19025000000000e-07;2.50105820105820e+02
6.20500000000000e-07;2.48989417989418e+02
6.21975000000000e-07;2.49380952380953e+02
6.23450000000000e-07;2.50788359788360e+02
6.24925000000000e-07;2.53952380952381e+02
6.26400000000000e-07;2.54539682539683e+02
6.27875000000000e-07;2.47989417989418e+02
6.29350000000000e-07;2.32264550264550e+02
6.30825000000000e-07;2.08476190476191e+02
6.32300000000000e-07;1.80375661375662e+02
6.33775000000000e-07;1.50201058201058e+02
6.35250000000000e-07;1.20714285714286e+02
6.36725000000000e-07;9.22433862433863e+01
6.38200000000000e-07;6.86137566137567e+01
6.39675000000000e-07;4.93756613756614e+01
6.41150000000000e-07;3.55185185185185e+01
6.42625000000000e-07;2.33756613756614e+01
6.44100000000000e-07;1.51851851851852e+01
6.45575000000000e-07;9.19576719576720e+00
6.47050000000000e-07;6.76719576719577e+00
6.48525000000000e-07;5.83597883597884e+00
6.50000000000000e-07;5.60846560846561e+00
6.51475000000000e-07;4.66137566137566e+00
6.52950000000000e-07;3.85185185185185e+00
6.54425000000000e-07;3.19047619047619e+00
6.55900000000000e-07;2.58201058201058e+00
6.57375000000000e-07;2.16402116402117e+00
6.58850000000000e-07;1.66137566137566e+00
6.60325000000000e-07;1.00529100529101e+00
6.61800000000000e-07;5.55555555555556e-01
6.63275000000000e-07;6.34920634920635e-02
6.64750000000000e-07;8.99470899470900e-02
6.66225000000000e-07;3.86243386243386e-01
6.67700000000000e-07;7.03703703703704e-01
6.69175000000000e-07;9.57671957671959e-01
6.70650000000000e-07;1.08465608465609e+00
6.72125000000000e-07;1.00000000000000e+00
6.73600000000000e-07;1.00000000000000e+00
6.75075000000000e-07;1.00000000000000e+00
6.76550000000000e-07;1.00000000000000e+00
6.78025000000000e-07;1.00000000000000e+00
6.79500000000000e-07;1.00000000000000e+00
6.80975000000000e-07;1.00000000000000e+00
