3.72700000000000e-07;1.00000000000000e+00
3.74175000000000e-07;1.00000000000000e+00
3.75650000000000e-07;1.00000000000000e+00
3.77125000000000e-07;1.00000000000000e+00
3.78600000000000e-07;1.00000000000000e+00
3.80075000000000e-07;1.00000000000000e+00
3.81550000000000e-07;1.00000000000000e+00
3.83025000000000e-07;1.00000000000000e+00
3.84500000000000e-07;1.00000000000000e+00
3.85975000000000e-07;1.00000000000000e+00
3.87450000000000e-07;1.00000000000000e+00
3.88925000000000e-07;1.00000000000000e+00
3.90400000000000e-07;1.00000000000000e+00
3.91875000000000e-07;1.00000000000000e+00
3.93350000000000e-07;1.00000000000000e+00
3.94825000000000e-07;1.00000000000000e+00
3.96300000000000e-07;1.00000000000000e+00
3.97775000000000e-07;1.02116402116402e+00
3.99250000000000e-07;9.89417989417990e-01
4.00725000000000e-07;9.25925925925927e-01
4.02200000000000e-07;8.51851851851853e-01
4.03675000000000e-07;7.67195767195768e-01
4.05150000000000e-07;7.67195767195768e-01
4.06625000000000e-07;8.51851851851853e-01
4.08100000000000e-07;9.25925925925927e-01
4.09575000000000e-07;9.89417989417990e-01
4.11050000000000e-07;1.02116402116402e+00
4.12525000000000e-07;1.00000000000000e+00
4.14000000000000e-07;1.00000000000000e+00
4.15475000000000e-07;1.00000000000000e+00
4.16950000000000e-07;1.00000000000000e+00
4.18425000000000e-07;1.00000000000000e+00
4.19900000000000e-07;1.00000000000000e+00
4.21375000000000e-07;1.00000000000000e+00
4.22850000000000e-07;1.00000000000000e+00
4.24325000000000e-07;1.00000000000000e+00
4.25800000000000e-07;1.00000000000000e+00
4.27275000000000e-07;1.00000000000000e+00
4.28750000000000e-07;1.00000000000000e+00
4.30225000000000e-07;1.00000000000000e+00
4.31700000000000e-07;1.00000000000000e+00
4.33175000000000e-07;1.00000000000000e+00
4.34650000000000e-07;1.00000000000000e+00
4.36125000000000e-07;1.00000000000000e+00
4.37600000000000e-07;1.00000000000000e+00
4.39075000000000e-07;1.00000000000000e+00
4.40550000000000e-07;1.00000000000000e+00
4.42025000000000e-07;1.00000000000000e+00
4.43500000000000e-07;1.00000000000000e+00
4.44975000000000e-07;1.00000000000000e+00
4.46450000000000e-07;1.00000000000000e+00
4.47925000000000e-07;1.00000000000000e+00
4.49400000000000e-07;1.00000000000000e+00
4.50875000000000e-07;1.00000000000000e+00
4.52350000000000e-07;1.00000000000000e+00
4.53825000000000e-07;1.00000000000000e+00
4.55300000000000e-07;1.00000000000000e+00
4.56775000000000e-07;1.00000000000000e+00
4.58250000000000e-07;1.00000000000000e+00
4.59725000000000e-07;1.00000000000000e+00
4.61200000000000e-07;1.00000000000000e+00
4.62675000000000e-07;1.00000000000000e+00
4.64150000000000e-07;1.00000000000000e+00
4.65625000000000e-07;1.00000000000000e+00
4.67100000000000e-07;1.00000000000000e+00
4.68575000000000e-07;1.00000000000000e+00
4.70050000000000e-07;1.00000000000000e+00
4.71525000000000e-07;1.00000000000000e+00
4.73000000000000e-07;1.00000000000000e+00
4.74475000000000e-07;1.00000000000000e+00
4.75950000000000e-07;1.00000000000000e+00
4.77425000000000e-07;1.00000000000000e+00
4.78900000000000e-07;1.00000000000000e+00
4.80375000000000e-07;1.00000000000000e+00
4.81850000000000e-07;1.00000000000000e+00
4.83325000000000e-07;1.00000000000000e+00
4.84800000000000e-07;1.00000000000000e+00
4.86275000000000e-07;1.00000000000000e+00
4.87750000000000e-07;1.00000000000000e+00
4.89225000000000e-07;1.00000000000000e+00
4.90700000000000e-07;1.00000000000000e+00
4.92175000000000e-07;1.00000000000000e+00
4.93650000000000e-07;1.00000000000000e+00
4.95125000000000e-07;1.00000000000000e+00
4.96600000000000e-07;1.00000000000000e+00
4.98075000000000e-07;1.01058201058201e+00
4.99550000000000e-07;9.94708994708995e-01
5.01025000000000e-07;9.62962962962964e-01
5.02500000000000e-07;9.25925925925927e-01
5.03975000000000e-07;8.94179894179895e-01
5.05450000000000e-07;8.67724867724868e-01
5.06925000000000e-07;8.94179894179895e-01
5.08400000000000e-07;9.25925925925927e-01
5.09875000000000e-07;9.62962962962964e-01
5.11350000000000e-07;9.94708994708995e-01
5.12825000000000e-07;1.01058201058201e+00
5.14300000000000e-07;1.00000000000000e+00
5.15775000000000e-07;1.00000000000000e+00
5.17250000000000e-07;1.00000000000000e+00
5.18725000000000e-07;1.00000000000000e+00
5.20200000000000e-07;1.00000000000000e+00
5.21675000000000e-07;1.00000000000000e+00
5.23150000000000e-07;1.00000000000000e+00
5.24625000000000e-07;1.00000000000000e+00
5.26100000000000e-07;1.00000000000000e+00
5.27575000000000e-07;1.00000000000000e+00
5.29050000000000e-07;1.00000000000000e+00
5.30525000000000e-07;1.00000000000000e+00
5.32000000000000e-07;1.00000000000000e+00
5.33475000000000e-07;1.00000000000000e+00
5.34950000000000e-07;1.00000000000000e+00
5.36425000000000e-07;1.00000000000000e+00
5.37900000000000e-07;1.00000000000000e+00
5.39375000000000e-07;1.00000000000000e+00
5.40850000000000e-07;1.00000000000000e+00
5.42325000000000e-07;1.00000000000000e+00
5.43800000000000e-07;1.00000000000000e+00
5.45275000000000e-07;1.01058201058201e+00
5.46750000000000e-07;9.94708994708996e-01
5.48225000000000e-07;9.62962962962964e-01
5.49700000000000e-07;9.25925925925927e-01
5.51175000000000e-07;8.83597883597884e-01
5.52650000000000e-07;8.83597883597884e-01
5.54125000000000e-07;9.25925925925927e-01
5.55600000000000e-07;9.62962962962964e-01
5.57075000000000e-07;1.02645502645503e+00
5.58550000000000e-07;9.94708994708995e-01
5.60025000000000e-07;8.67724867724868e-01
5.61500000000000e-07;7.77777777777778e-01
5.62975000000000e-07;7.83068783068784e-01
5.64450000000000e-07;8.09523809523810e-01
5.65925000000000e-07;8.78306878306879e-01
5.67400000000000e-07;8.67724867724868e-01
5.68875000000000e-07;7.67195767195768e-01
5.70350000000000e-07;7.30158730158731e-01
5.71825000000000e-07;8.35978835978836e-01
5.73300000000000e-07;1.13227513227513e+00
5.74775000000000e-07;1.63492063492064e+00
5.76250000000000e-07;2.10052910052910e+00
5.77725000000000e-07;2.66666666666667e+00
5.79200000000000e-07;3.88359788359789e+00
5.80675000000000e-07;5.34391534391535e+00
5.82150000000000e-07;7.76719576719577e+00
5.83625000000000e-07;1.04232804232804e+01
5.85100000000000e-07;1.41428571428572e+01
5.86575000000000e-07;1.88624338624339e+01
5.88050000000000e-07;2.43756613756614e+01
5.89525000000000e-07;2.96507936507937e+01
5.91000000000000e-07;3.49682539682540e+01
5.92475000000000e-07;3.93227513227514e+01
5.93950000000000e-07;4.32645502645503e+01
5.95425000000000e-07;4.64550264550265e+01
5.96900000000000e-07;4.87619047619048e+01
5.98375000000000e-07;5.07989417989418e+01
5.99850000000000e-07;5.35026455026455e+01
6.01325000000000e-07;5.72116402116403e+01
6.02800000000000e-07;6.15185185185186e+01
6.04275000000000e-07;6.60846560846561e+01
6.05750000000000e-07;7.07566137566138e+01
6.07225000000000e-07;7.46349206349207e+01
6.08700000000000e-07;7.74444444444445e+01
6.10175000000000e-07;7.90211640211641e+01
6.11650000000000e-07;7.93121693121694e+01
6.13125000000000e-07;7.81322751322752e+01
6.14600000000000e-07;7.87671957671958e+01
6.16075000000000e-07;8.08888888888890e+01
6.17550000000000e-07;8.40740740740741e+01
6.19025000000000e-07;8.62910052910054e+01
6.20500000000000e-07;8.62116402116403e+01
6.21975000000000e-07;8.36825396825398e+01
6.23450000000000e-07;8.21534391534392e+01
6.24925000000000e-07;8.24444444444445e+01
6.26400000000000e-07;8.24814814814816e+01
6.27875000000000e-07;7.99047619047620e+01
6.29350000000000e-07;7.38465608465609e+01
6.30825000000000e-07;6.49682539682540e+01
6.32300000000000e-07;5.53544973544974e+01
6.33775000000000e-07;4.59576719576720e+01
6.35250000000000e-07;3.67301587301588e+01
6.36725000000000e-07;2.79312169312170e+01
6.38200000000000e-07;2.05343915343916e+01
6.39675000000000e-07;1.45978835978836e+01
6.41150000000000e-07;1.03015873015873e+01
6.42625000000000e-07;6.92592592592593e+00
6.44100000000000e-07;4.75132275132275e+00
6.45575000000000e-07;3.17460317460318e+00
6.47050000000000e-07;2.41798941798942e+00
6.48525000000000e-07;1.96825396825397e+00
6.50000000000000e-07;1.52910052910053e+00
6.51475000000000e-07;1.22222222222222e+00
6.52950000000000e-07;1.07936507936508e+00
6.54425000000000e-07;1.03703703703704e+00
6.55900000000000e-07;1.05820105820106e+00
6.57375000000000e-07;1.01587301587302e+00
6.58850000000000e-07;8.25396825396826e-01
6.60325000000000e-07;5.82010582010582e-01
6.61800000000000e-07;4.17989417989418e-01
6.63275000000000e-07;1.90476190476191e-01
6.64750000000000e-07;2.91005291005291e-01
6.66225000000000e-07;4.81481481481482e-01
6.67700000000000e-07;7.14285714285715e-01
6.69175000000000e-07;9.36507936507937e-01
6.70650000000000e-07;1.08465608465609e+00
6.72125000000000e-07;1.00000000000000e+00
6.73600000000000e-07;1.00000000000000e+00
6.75075000000000e-07;1.00000000000000e+00
6.76550000000000e-07;1.00000000000000e+00
6.78025000000000e-07;1.00000000000000e+00
6.79500000000000e-07;1.00000000000000e+00
6.80975000000000e-07;1.00000000000000e+00
