3.72700000000000e-07;1.00000000000000e+00
3.74175000000000e-07;1.00000000000000e+00
3.75650000000000e-07;1.00000000000000e+00
3.77125000000000e-07;1.00000000000000e+00
3.78600000000000e-07;1.00000000000000e+00
3.80075000000000e-07;1.00000000000000e+00
3.81550000000000e-07;1.01360544217687e+00
3.83025000000000e-07;9.93197278911565e-01
3.84500000000000e-07;9.38775510204082e-01
3.85975000000000e-07;9.11564625850341e-01
3.87450000000000e-07;9.11564625850341e-01
3.88925000000000e-07;9.52380952380953e-01
3.90400000000000e-07;9.86394557823130e-01
3.91875000000000e-07;9.52380952380953e-01
3.93350000000000e-07;9.11564625850341e-01
3.94825000000000e-07;9.11564625850341e-01
3.96300000000000e-07;9.38775510204082e-01
3.97775000000000e-07;9.93197278911565e-01
3.99250000000000e-07;1.01360544217687e+00
4.00725000000000e-07;1.00000000000000e+00
4.02200000000000e-07;1.00000000000000e+00
4.03675000000000e-07;1.00000000000000e+00
4.05150000000000e-07;1.00000000000000e+00
4.06625000000000e-07;1.00000000000000e+00
4.08100000000000e-07;1.00000000000000e+00
4.09575000000000e-07;1.00000000000000e+00
4.11050000000000e-07;1.00000000000000e+00
4.12525000000000e-07;1.00000000000000e+00
4.14000000000000e-07;1.00000000000000e+00
4.15475000000000e-07;1.00000000000000e+00
4.16950000000000e-07;1.00000000000000e+00
4.18425000000000e-07;1.00000000000000e+00
4.19900000000000e-07;1.00000000000000e+00
4.21375000000000e-07;1.00000000000000e+00
4.22850000000000e-07;1.00000000000000e+00
4.24325000000000e-07;1.00000000000000e+00
4.25800000000000e-07;1.00000000000000e+00
4.27275000000000e-07;1.00000000000000e+00
4.28750000000000e-07;1.00000000000000e+00
4.30225000000000e-07;1.00000000000000e+00
4.31700000000000e-07;1.00000000000000e+00
4.33175000000000e-07;1.00000000000000e+00
4.34650000000000e-07;1.00000000000000e+00
4.36125000000000e-07;1.00000000000000e+00
4.37600000000000e-07;1.00000000000000e+00
4.39075000000000e-07;1.00000000000000e+00
4.40550000000000e-07;1.00000000000000e+00
4.42025000000000e-07;1.00000000000000e+00
4.43500000000000e-07;1.00000000000000e+00
4.44975000000000e-07;1.00000000000000e+00
4.46450000000000e-07;1.00000000000000e+00
4.47925000000000e-07;1.00000000000000e+00
4.49400000000000e-07;1.00000000000000e+00
4.50875000000000e-07;1.00000000000000e+00
4.52350000000000e-07;1.00000000000000e+00
4.53825000000000e-07;1.00000000000000e+00
4.55300000000000e-07;1.00000000000000e+00
4.56775000000000e-07;1.00000000000000e+00
4.58250000000000e-07;1.00000000000000e+00
4.59725000000000e-07;1.00000000000000e+00
4.61200000000000e-07;1.00000000000000e+00
4.62675000000000e-07;1.00000000000000e+00
4.64150000000000e-07;1.00000000000000e+00
4.65625000000000e-07;1.00000000000000e+00
4.67100000000000e-07;1.00000000000000e+00
4.68575000000000e-07;1.00000000000000e+00
4.70050000000000e-07;1.00000000000000e+00
4.71525000000000e-07;1.00000000000000e+00
4.73000000000000e-07;1.00000000000000e+00
4.74475000000000e-07;1.00000000000000e+00
4.75950000000000e-07;1.00000000000000e+00
4.77425000000000e-07;1.00000000000000e+00
4.78900000000000e-07;1.00000000000000e+00
4.80375000000000e-07;1.00000000000000e+00
4.81850000000000e-07;1.00000000000000e+00
4.83325000000000e-07;1.00000000000000e+00
4.84800000000000e-07;1.00000000000000e+00
4.86275000000000e-07;1.00000000000000e+00
4.87750000000000e-07;1.00000000000000e+00
4.89225000000000e-07;1.00000000000000e+00
4.90700000000000e-07;1.00000000000000e+00
4.92175000000000e-07;1.00000000000000e+00
4.93650000000000e-07;1.01360544217687e+00
4.95125000000000e-07;9.93197278911565e-01
4.96600000000000e-07;9.52380952380953e-01
4.98075000000000e-07;8.91156462585035e-01
4.99550000000000e-07;8.70748299319729e-01
5.01025000000000e-07;8.91156462585035e-01
5.02500000000000e-07;9.52380952380953e-01
5.03975000000000e-07;9.93197278911565e-01
5.05450000000000e-07;1.01360544217687e+00
5.06925000000000e-07;1.00000000000000e+00
5.08400000000000e-07;1.00000000000000e+00
5.09875000000000e-07;1.01360544217687e+00
5.11350000000000e-07;9.79591836734695e-01
5.12825000000000e-07;9.59183673469388e-01
5.14300000000000e-07;9.52380952380953e-01
5.15775000000000e-07;9.59183673469388e-01
5.17250000000000e-07;9.79591836734695e-01
5.18725000000000e-07;1.01360544217687e+00
5.20200000000000e-07;1.00000000000000e+00
5.21675000000000e-07;1.02721088435374e+00
5.23150000000000e-07;9.86394557823130e-01
5.24625000000000e-07;9.04761904761905e-01
5.26100000000000e-07;8.09523809523810e-01
5.27575000000000e-07;7.27891156462586e-01
5.29050000000000e-07;6.59863945578232e-01
5.30525000000000e-07;7.27891156462586e-01
5.32000000000000e-07;8.09523809523810e-01
5.33475000000000e-07;9.18367346938776e-01
5.34950000000000e-07;9.79591836734695e-01
5.36425000000000e-07;9.93197278911565e-01
5.37900000000000e-07;8.97959183673470e-01
5.39375000000000e-07;8.29931972789116e-01
5.40850000000000e-07;7.27891156462586e-01
5.42325000000000e-07;6.66666666666667e-01
5.43800000000000e-07;6.59863945578232e-01
5.45275000000000e-07;7.07482993197279e-01
5.46750000000000e-07;7.95918367346939e-01
5.48225000000000e-07;9.11564625850341e-01
5.49700000000000e-07;9.65986394557824e-01
5.51175000000000e-07;9.93197278911565e-01
5.52650000000000e-07;1.01360544217687e+00
5.54125000000000e-07;1.00000000000000e+00
5.55600000000000e-07;1.00000000000000e+00
5.57075000000000e-07;9.59183673469388e-01
5.58550000000000e-07;1.02040816326531e+00
5.60025000000000e-07;1.14285714285714e+00
5.61500000000000e-07;1.28571428571429e+00
5.62975000000000e-07;1.42176870748299e+00
5.64450000000000e-07;1.44897959183674e+00
5.65925000000000e-07;1.37414965986395e+00
5.67400000000000e-07;1.37414965986395e+00
5.68875000000000e-07;1.34693877551021e+00
5.70350000000000e-07;1.54421768707483e+00
5.71825000000000e-07;1.95238095238095e+00
5.73300000000000e-07;2.41496598639456e+00
5.74775000000000e-07;3.20408163265306e+00
5.76250000000000e-07;4.34013605442177e+00
5.77725000000000e-07;6.14965986394558e+00
5.79200000000000e-07;9.35374149659865e+00
5.80675000000000e-07;1.33945578231293e+01
5.82150000000000e-07;1.80000000000000e+01
5.83625000000000e-07;2.14625850340136e+01
5.85100000000000e-07;2.67959183673470e+01
5.86575000000000e-07;3.39387755102041e+01
5.88050000000000e-07;4.22857142857143e+01
5.89525000000000e-07;5.04013605442177e+01
5.91000000000000e-07;5.73537414965987e+01
5.92475000000000e-07;6.09115646258504e+01
5.93950000000000e-07;6.46938775510204e+01
5.95425000000000e-07;6.81156462585035e+01
5.96900000000000e-07;7.09863945578232e+01
5.98375000000000e-07;7.39115646258504e+01
5.99850000000000e-07;7.66734693877552e+01
6.01325000000000e-07;7.82721088435375e+01
6.02800000000000e-07;7.88095238095239e+01
6.04275000000000e-07;7.78095238095239e+01
6.05750000000000e-07;7.73877551020409e+01
6.07225000000000e-07;7.87619047619048e+01
6.08700000000000e-07;8.28843537414967e+01
6.10175000000000e-07;9.06054421768708e+01
6.11650000000000e-07;1.01442176870748e+02
6.13125000000000e-07;1.09945578231293e+02
6.14600000000000e-07;1.24741496598640e+02
6.16075000000000e-07;1.42034013605442e+02
6.17550000000000e-07;1.56707482993197e+02
6.19025000000000e-07;1.66870748299320e+02
6.20500000000000e-07;1.70000000000000e+02
6.21975000000000e-07;1.59360544217687e+02
6.23450000000000e-07;1.41299319727891e+02
6.24925000000000e-07;1.18503401360544e+02
6.26400000000000e-07;9.69659863945579e+01
6.27875000000000e-07;8.35918367346939e+01
6.29350000000000e-07;8.02040816326531e+01
6.30825000000000e-07;8.02721088435375e+01
6.32300000000000e-07;7.65306122448980e+01
6.33775000000000e-07;6.82176870748300e+01
6.35250000000000e-07;5.76462585034014e+01
6.36725000000000e-07;4.67755102040817e+01
6.38200000000000e-07;3.77346938775510e+01
6.39675000000000e-07;2.98571428571429e+01
6.41150000000000e-07;2.31088435374150e+01
6.42625000000000e-07;1.75714285714286e+01
6.44100000000000e-07;1.31224489795918e+01
6.45575000000000e-07;9.46938775510205e+00
6.47050000000000e-07;7.20408163265307e+00
6.48525000000000e-07;5.74149659863946e+00
6.50000000000000e-07;4.51700680272109e+00
6.51475000000000e-07;3.63265306122449e+00
6.52950000000000e-07;2.91156462585034e+00
6.54425000000000e-07;2.37414965986395e+00
6.55900000000000e-07;1.82312925170068e+00
6.57375000000000e-07;1.37414965986395e+00
6.58850000000000e-07;1.12925170068027e+00
6.60325000000000e-07;1.12244897959184e+00
6.61800000000000e-07;1.28571428571429e+00
6.63275000000000e-07;1.40136054421769e+00
6.64750000000000e-07;1.31972789115646e+00
6.66225000000000e-07;1.08163265306123e+00
6.67700000000000e-07;9.31972789115647e-01
6.69175000000000e-07;8.70748299319729e-01
6.70650000000000e-07;9.52380952380953e-01
6.72125000000000e-07;9.86394557823130e-01
6.73600000000000e-07;9.65986394557824e-01
6.75075000000000e-07;8.77551020408164e-01
6.76550000000000e-07;8.91156462585035e-01
6.78025000000000e-07;9.18367346938776e-01
6.79500000000000e-07;9.79591836734695e-01
6.80975000000000e-07;1.07482993197279e+00
