3.72700000000000e-07;8.30687830687831e-01
3.74175000000000e-07;6.82539682539683e-01
3.75650000000000e-07;5.87301587301588e-01
3.77125000000000e-07;5.44973544973545e-01
3.78600000000000e-07;5.44973544973545e-01
3.80075000000000e-07;6.08465608465609e-01
3.81550000000000e-07;7.14285714285715e-01
3.83025000000000e-07;8.41269841269842e-01
3.84500000000000e-07;9.47089947089948e-01
3.85975000000000e-07;1.01058201058201e+00
3.87450000000000e-07;1.01058201058201e+00
3.88925000000000e-07;9.25925925925927e-01
3.90400000000000e-07;8.51851851851853e-01
3.91875000000000e-07;7.88359788359789e-01
3.93350000000000e-07;7.56613756613757e-01
3.94825000000000e-07;7.77777777777778e-01
3.96300000000000e-07;7.77777777777778e-01
3.97775000000000e-07;7.88359788359789e-01
3.99250000000000e-07;7.72486772486773e-01
4.00725000000000e-07;7.40740740740741e-01
4.02200000000000e-07;7.03703703703704e-01
4.03675000000000e-07;6.40211640211641e-01
4.05150000000000e-07;6.71957671957672e-01
4.06625000000000e-07;7.77777777777778e-01
4.08100000000000e-07;8.88888888888890e-01
4.09575000000000e-07;9.84126984126985e-01
4.11050000000000e-07;1.03174603174603e+00
4.12525000000000e-07;1.00000000000000e+00
4.14000000000000e-07;1.00000000000000e+00
4.15475000000000e-07;1.02116402116402e+00
4.16950000000000e-07;9.89417989417990e-01
4.18425000000000e-07;9.04761904761906e-01
4.19900000000000e-07;8.62433862433863e-01
4.21375000000000e-07;8.62433862433863e-01
4.22850000000000e-07;9.04761904761906e-01
4.24325000000000e-07;1.01058201058201e+00
4.25800000000000e-07;1.02116402116402e+00
4.27275000000000e-07;8.88888888888890e-01
4.28750000000000e-07;8.30687830687831e-01
4.30225000000000e-07;8.25396825396826e-01
4.31700000000000e-07;8.73015873015874e-01
4.33175000000000e-07;1.00529100529101e+00
4.34650000000000e-07;1.01587301587302e+00
4.36125000000000e-07;8.88888888888890e-01
4.37600000000000e-07;7.77777777777778e-01
4.39075000000000e-07;6.71957671957672e-01
4.40550000000000e-07;6.40211640211641e-01
4.42025000000000e-07;7.03703703703704e-01
4.43500000000000e-07;7.40740740740741e-01
4.44975000000000e-07;7.72486772486773e-01
4.46450000000000e-07;7.88359788359789e-01
4.47925000000000e-07;7.77777777777778e-01
4.49400000000000e-07;7.88359788359789e-01
4.50875000000000e-07;7.51322751322752e-01
4.52350000000000e-07;7.51322751322752e-01
4.53825000000000e-07;7.77777777777778e-01
4.55300000000000e-07;8.20105820105821e-01
4.56775000000000e-07;8.67724867724868e-01
4.58250000000000e-07;9.10052910052911e-01
4.59725000000000e-07;8.88888888888890e-01
4.61200000000000e-07;8.88888888888890e-01
4.62675000000000e-07;8.88888888888890e-01
4.64150000000000e-07;8.88888888888890e-01
4.65625000000000e-07;8.88888888888890e-01
4.67100000000000e-07;8.78306878306879e-01
4.68575000000000e-07;9.04761904761905e-01
4.70050000000000e-07;9.20634920634921e-01
4.71525000000000e-07;9.36507936507937e-01
4.73000000000000e-07;9.15343915343916e-01
4.74475000000000e-07;8.46560846560847e-01
4.75950000000000e-07;7.93650793650794e-01
4.77425000000000e-07;8.88888888888890e-01
4.78900000000000e-07;1.00000000000000e+00
4.80375000000000e-07;1.04232804232804e+00
4.81850000000000e-07;9.94708994708996e-01
4.83325000000000e-07;9.31216931216932e-01
4.84800000000000e-07;8.94179894179895e-01
4.86275000000000e-07;1.00000000000000e+00
4.87750000000000e-07;1.19576719576720e+00
4.89225000000000e-07;1.34391534391534e+00
4.90700000000000e-07;1.46560846560847e+00
4.92175000000000e-07;1.61904761904762e+00
4.93650000000000e-07;1.68253968253968e+00
4.95125000000000e-07;1.69841269841270e+00
4.96600000000000e-07;1.66666666666667e+00
4.98075000000000e-07;1.71428571428572e+00
4.99550000000000e-07;1.76719576719577e+00
5.01025000000000e-07;1.97354497354497e+00
5.02500000000000e-07;2.11111111111111e+00
5.03975000000000e-07;2.15873015873016e+00
5.05450000000000e-07;2.08465608465609e+00
5.06925000000000e-07;2.04761904761905e+00
5.08400000000000e-07;1.96825396825397e+00
5.09875000000000e-07;2.00000000000000e+00
5.11350000000000e-07;2.00000000000000e+00
5.12825000000000e-07;2.00000000000000e+00
5.14300000000000e-07;2.00000000000000e+00
5.15775000000000e-07;2.00000000000000e+00
5.17250000000000e-07;2.00000000000000e+00
5.18725000000000e-07;2.00000000000000e+00
5.20200000000000e-07;2.00000000000000e+00
5.21675000000000e-07;2.00000000000000e+00
5.23150000000000e-07;2.00000000000000e+00
5.24625000000000e-07;2.00000000000000e+00
5.26100000000000e-07;2.00000000000000e+00
5.27575000000000e-07;2.00000000000000e+00
5.29050000000000e-07;2.00000000000000e+00
5.30525000000000e-07;2.00000000000000e+00
5.32000000000000e-07;2.00000000000000e+00
5.33475000000000e-07;1.97883597883598e+00
5.34950000000000e-07;2.03174603174603e+00
5.36425000000000e-07;2.06349206349207e+00
5.37900000000000e-07;2.05291005291005e+00
5.39375000000000e-07;2.06349206349207e+00
5.40850000000000e-07;2.10052910052910e+00
5.42325000000000e-07;2.16931216931217e+00
5.43800000000000e-07;2.31216931216931e+00
5.45275000000000e-07;2.38624338624339e+00
5.46750000000000e-07;2.52910052910053e+00
5.48225000000000e-07;2.63492063492064e+00
5.49700000000000e-07;2.82010582010582e+00
5.51175000000000e-07;2.95767195767196e+00
5.52650000000000e-07;2.84656084656085e+00
5.54125000000000e-07;2.75661375661376e+00
5.55600000000000e-07;2.95238095238095e+00
5.57075000000000e-07;3.38624338624339e+00
5.58550000000000e-07;3.98412698412699e+00
5.60025000000000e-07;4.49735449735450e+00
5.61500000000000e-07;4.68783068783069e+00
5.62975000000000e-07;4.70370370370371e+00
5.64450000000000e-07;4.91534391534392e+00
5.65925000000000e-07;5.37037037037037e+00
5.67400000000000e-07;6.05820105820106e+00
5.68875000000000e-07;6.51322751322752e+00
5.70350000000000e-07;7.10582010582011e+00
5.71825000000000e-07;7.66137566137567e+00
5.73300000000000e-07;9.11640211640212e+00
5.74775000000000e-07;1.19206349206349e+01
5.76250000000000e-07;1.72222222222222e+01
5.77725000000000e-07;2.48359788359788e+01
5.79200000000000e-07;3.54338624338625e+01
5.80675000000000e-07;4.91798941798942e+01
5.82150000000000e-07;6.54232804232805e+01
5.83625000000000e-07;8.25079365079366e+01
5.85100000000000e-07;1.05238095238095e+02
5.86575000000000e-07;1.32619047619048e+02
5.88050000000000e-07;1.61164021164021e+02
5.89525000000000e-07;1.89576719576720e+02
5.91000000000000e-07;2.12142857142857e+02
5.92475000000000e-07;2.27783068783069e+02
5.93950000000000e-07;2.37650793650794e+02
5.95425000000000e-07;2.43063492063492e+02
5.96900000000000e-07;2.43899470899471e+02
5.98375000000000e-07;2.43354497354498e+02
5.99850000000000e-07;2.42878306878307e+02
6.01325000000000e-07;2.44878306878307e+02
6.02800000000000e-07;2.45275132275132e+02
6.04275000000000e-07;2.45481481481482e+02
6.05750000000000e-07;2.46571428571429e+02
6.07225000000000e-07;2.46978835978836e+02
6.08700000000000e-07;2.49164021164021e+02
6.10175000000000e-07;2.51264550264550e+02
6.11650000000000e-07;2.52132275132275e+02
6.13125000000000e-07;2.51269841269841e+02
6.14600000000000e-07;2.51936507936508e+02
6.16075000000000e-07;2.52349206349207e+02
6.17550000000000e-07;2.53835978835979e+02
6.19025000000000e-07;2.54116402116402e+02
6.20500000000000e-07;2.54412698412699e+02
6.21975000000000e-07;2.54259259259259e+02
6.23450000000000e-07;2.55148148148148e+02
6.24925000000000e-07;2.54349206349207e+02
6.26400000000000e-07;2.46296296296296e+02
6.27875000000000e-07;2.36724867724868e+02
6.29350000000000e-07;2.31296296296296e+02
6.30825000000000e-07;2.34931216931217e+02
6.32300000000000e-07;2.43534391534392e+02
6.33775000000000e-07;2.47698412698413e+02
6.35250000000000e-07;2.36148148148148e+02
6.36725000000000e-07;2.11894179894180e+02
6.38200000000000e-07;1.81687830687831e+02
6.39675000000000e-07;1.51534391534392e+02
6.41150000000000e-07;1.23936507936508e+02
6.42625000000000e-07;9.93280423280424e+01
6.44100000000000e-07;7.98571428571429e+01
6.45575000000000e-07;6.43280423280424e+01
6.47050000000000e-07;5.40000000000000e+01
6.48525000000000e-07;4.42804232804233e+01
6.50000000000000e-07;3.53492063492064e+01
6.51475000000000e-07;2.56825396825397e+01
6.52950000000000e-07;1.86507936507937e+01
6.54425000000000e-07;1.38306878306878e+01
6.55900000000000e-07;1.13809523809524e+01
6.57375000000000e-07;9.91005291005292e+00
6.58850000000000e-07;9.40211640211641e+00
6.60325000000000e-07;8.31746031746032e+00
6.61800000000000e-07;6.98412698412699e+00
6.63275000000000e-07;5.52380952380953e+00
6.64750000000000e-07;4.29629629629630e+00
6.66225000000000e-07;3.67724867724868e+00
6.67700000000000e-07;3.56084656084656e+00
6.69175000000000e-07;3.55026455026455e+00
6.70650000000000e-07;3.60317460317461e+00
6.72125000000000e-07;3.47619047619048e+00
6.73600000000000e-07;3.21693121693122e+00
6.75075000000000e-07;2.86772486772487e+00
6.76550000000000e-07;2.53439153439154e+00
6.78025000000000e-07;2.36507936507937e+00
6.79500000000000e-07;2.29365079365080e+00
6.80975000000000e-07;2.32010582010582e+00
