3.72700000000000e-07;1.00000000000000e+00
3.74175000000000e-07;1.00000000000000e+00
3.75650000000000e-07;1.00000000000000e+00
3.77125000000000e-07;1.00000000000000e+00
3.78600000000000e-07;1.00000000000000e+00
3.80075000000000e-07;1.00000000000000e+00
3.81550000000000e-07;1.01360544217687e+00
3.83025000000000e-07;9.93197278911565e-01
3.84500000000000e-07;9.52380952380953e-01
3.85975000000000e-07;9.04761904761905e-01
3.87450000000000e-07;8.63945578231293e-01
3.88925000000000e-07;8.57142857142858e-01
3.90400000000000e-07;8.50340136054422e-01
3.91875000000000e-07;7.82312925170069e-01
3.93350000000000e-07;7.75510204081633e-01
3.94825000000000e-07;8.16326530612246e-01
3.96300000000000e-07;8.91156462585035e-01
3.97775000000000e-07;9.86394557823130e-01
3.99250000000000e-07;1.02721088435374e+00
4.00725000000000e-07;1.00000000000000e+00
4.02200000000000e-07;1.00000000000000e+00
4.03675000000000e-07;1.00000000000000e+00
4.05150000000000e-07;1.00000000000000e+00
4.06625000000000e-07;1.00000000000000e+00
4.08100000000000e-07;1.00000000000000e+00
4.09575000000000e-07;1.00000000000000e+00
4.11050000000000e-07;1.00000000000000e+00
4.12525000000000e-07;1.00000000000000e+00
4.14000000000000e-07;1.00000000000000e+00
4.15475000000000e-07;1.00000000000000e+00
4.16950000000000e-07;1.00000000000000e+00
4.18425000000000e-07;1.00000000000000e+00
4.19900000000000e-07;1.00000000000000e+00
4.21375000000000e-07;1.00000000000000e+00
4.22850000000000e-07;1.00000000000000e+00
4.24325000000000e-07;1.00000000000000e+00
4.25800000000000e-07;1.00000000000000e+00
4.27275000000000e-07;1.00000000000000e+00
4.28750000000000e-07;1.00000000000000e+00
4.30225000000000e-07;1.00000000000000e+00
4.31700000000000e-07;1.00000000000000e+00
4.33175000000000e-07;1.00000000000000e+00
4.34650000000000e-07;1.00000000000000e+00
4.36125000000000e-07;1.00000000000000e+00
4.37600000000000e-07;1.00000000000000e+00
4.39075000000000e-07;1.00000000000000e+00
4.40550000000000e-07;1.00000000000000e+00
4.42025000000000e-07;1.00000000000000e+00
4.43500000000000e-07;1.00000000000000e+00
4.44975000000000e-07;1.00000000000000e+00
4.46450000000000e-07;1.00000000000000e+00
4.47925000000000e-07;1.00000000000000e+00
4.49400000000000e-07;1.00000000000000e+00
4.50875000000000e-07;1.00000000000000e+00
4.52350000000000e-07;1.00000000000000e+00
4.53825000000000e-07;1.00000000000000e+00
4.55300000000000e-07;1.00000000000000e+00
4.56775000000000e-07;1.00000000000000e+00
4.58250000000000e-07;1.00000000000000e+00
4.59725000000000e-07;1.00000000000000e+00
4.61200000000000e-07;1.00000000000000e+00
4.62675000000000e-07;1.00000000000000e+00
4.64150000000000e-07;1.00000000000000e+00
4.65625000000000e-07;1.00000000000000e+00
4.67100000000000e-07;1.00000000000000e+00
4.68575000000000e-07;1.00000000000000e+00
4.70050000000000e-07;1.00000000000000e+00
4.71525000000000e-07;1.00000000000000e+00
4.73000000000000e-07;1.00000000000000e+00
4.74475000000000e-07;1.00000000000000e+00
4.75950000000000e-07;1.00000000000000e+00
4.77425000000000e-07;1.00000000000000e+00
4.78900000000000e-07;1.00000000000000e+00
4.80375000000000e-07;1.00000000000000e+00
4.81850000000000e-07;1.00000000000000e+00
4.83325000000000e-07;1.00000000000000e+00
4.84800000000000e-07;1.00000000000000e+00
4.86275000000000e-07;1.00000000000000e+00
4.87750000000000e-07;1.00000000000000e+00
4.89225000000000e-07;1.00000000000000e+00
4.90700000000000e-07;1.00000000000000e+00
4.92175000000000e-07;1.00000000000000e+00
4.93650000000000e-07;1.00000000000000e+00
4.95125000000000e-07;1.00000000000000e+00
4.96600000000000e-07;1.00000000000000e+00
4.98075000000000e-07;1.00000000000000e+00
4.99550000000000e-07;1.00000000000000e+00
5.01025000000000e-07;1.00000000000000e+00
5.02500000000000e-07;1.00000000000000e+00
5.03975000000000e-07;1.00000000000000e+00
5.05450000000000e-07;1.00000000000000e+00
5.06925000000000e-07;1.00000000000000e+00
5.08400000000000e-07;1.00000000000000e+00
5.09875000000000e-07;1.00000000000000e+00
5.11350000000000e-07;1.00000000000000e+00
5.12825000000000e-07;1.00000000000000e+00
5.14300000000000e-07;1.00000000000000e+00
5.15775000000000e-07;1.00000000000000e+00
5.17250000000000e-07;1.00000000000000e+00
5.18725000000000e-07;1.00000000000000e+00
5.20200000000000e-07;1.00000000000000e+00
5.21675000000000e-07;1.02721088435374e+00
5.23150000000000e-07;9.86394557823130e-01
5.24625000000000e-07;9.04761904761905e-01
5.26100000000000e-07;8.09523809523810e-01
5.27575000000000e-07;7.55102040816327e-01
5.29050000000000e-07;6.73469387755103e-01
5.30525000000000e-07;6.19047619047620e-01
5.32000000000000e-07;5.23809523809524e-01
5.33475000000000e-07;4.01360544217687e-01
5.34950000000000e-07;4.21768707482993e-01
5.36425000000000e-07;5.71428571428572e-01
5.37900000000000e-07;7.14285714285715e-01
5.39375000000000e-07;8.50340136054422e-01
5.40850000000000e-07;8.77551020408164e-01
5.42325000000000e-07;8.16326530612245e-01
5.43800000000000e-07;8.09523809523810e-01
5.45275000000000e-07;8.43537414965987e-01
5.46750000000000e-07;8.23129251700681e-01
5.48225000000000e-07;7.75510204081633e-01
5.49700000000000e-07;6.53061224489796e-01
5.51175000000000e-07;5.64625850340136e-01
5.52650000000000e-07;6.05442176870749e-01
5.54125000000000e-07;8.43537414965987e-01
5.55600000000000e-07;8.57142857142858e-01
5.57075000000000e-07;7.14285714285715e-01
5.58550000000000e-07;4.55782312925170e-01
5.60025000000000e-07;1.97278911564626e-01
5.61500000000000e-07;5.44217687074830e-02
5.62975000000000e-07;9.52380952380953e-02
5.64450000000000e-07;4.76190476190477e-02
5.65925000000000e-07;6.80272108843538e-03
5.67400000000000e-07;-4.08163265306123e-02
5.68875000000000e-07;-1.08843537414966e-01
5.70350000000000e-07;7.48299319727891e-02
5.71825000000000e-07;5.78231292517007e-01
5.73300000000000e-07;1.36054421768708e+00
5.74775000000000e-07;2.37414965986395e+00
5.76250000000000e-07;3.23129251700680e+00
5.77725000000000e-07;4.19047619047619e+00
5.79200000000000e-07;5.56462585034014e+00
5.80675000000000e-07;7.04761904761905e+00
5.82150000000000e-07;8.71428571428572e+00
5.83625000000000e-07;9.26530612244899e+00
5.85100000000000e-07;1.02925170068027e+01
5.86575000000000e-07;1.11768707482993e+01
5.88050000000000e-07;1.21224489795918e+01
5.89525000000000e-07;1.24965986394558e+01
5.91000000000000e-07;1.32993197278912e+01
5.92475000000000e-07;1.27346938775510e+01
5.93950000000000e-07;1.16054421768708e+01
5.95425000000000e-07;8.39455782312926e+00
5.96900000000000e-07;5.12244897959184e+00
5.98375000000000e-07;2.19727891156463e+00
5.99850000000000e-07;1.84353741496599e+00
6.01325000000000e-07;2.63945578231293e+00
6.02800000000000e-07;3.44217687074830e+00
6.04275000000000e-07;3.40816326530613e+00
6.05750000000000e-07;2.75510204081633e+00
6.07225000000000e-07;9.11564625850341e-01
6.08700000000000e-07;4.69387755102041e-01
6.10175000000000e-07;2.73469387755102e+00
6.11650000000000e-07;7.73469387755103e+00
6.13125000000000e-07;1.07687074829932e+01
6.14600000000000e-07;2.75170068027211e+01
6.16075000000000e-07;5.11496598639456e+01
6.17550000000000e-07;7.49931972789116e+01
6.19025000000000e-07;9.29115646258504e+01
6.20500000000000e-07;9.62517006802722e+01
6.21975000000000e-07;7.65850340136055e+01
6.23450000000000e-07;5.39863945578232e+01
6.24925000000000e-07;2.99863945578232e+01
6.26400000000000e-07;1.19047619047619e+01
6.27875000000000e-07;3.37414965986395e+00
6.29350000000000e-07;1.97959183673470e+00
6.30825000000000e-07;2.16326530612245e+00
6.32300000000000e-07;1.59863945578231e+00
6.33775000000000e-07;3.46938775510204e-01
6.35250000000000e-07;1.15646258503401e-01
6.36725000000000e-07;3.40136054421769e-01
6.38200000000000e-07;1.63265306122449e-01
6.39675000000000e-07;1.76870748299320e-01
6.41150000000000e-07;-1.36054421768708e-01
6.42625000000000e-07;2.72108843537415e-01
6.44100000000000e-07;4.82993197278912e-01
6.45575000000000e-07;5.85034013605443e-01
6.47050000000000e-07;4.82993197278912e-01
6.48525000000000e-07;3.60544217687075e-01
6.50000000000000e-07;3.12925170068027e-01
6.51475000000000e-07;1.07482993197279e+00
6.52950000000000e-07;1.23129251700680e+00
6.54425000000000e-07;1.10884353741497e+00
6.55900000000000e-07;8.23129251700681e-01
6.57375000000000e-07;6.66666666666667e-01
6.58850000000000e-07;6.05442176870749e-01
6.60325000000000e-07;6.73469387755103e-01
6.61800000000000e-07;3.46938775510204e-01
6.63275000000000e-07;5.44217687074830e-02
6.64750000000000e-07;-7.48299319727892e-02
6.66225000000000e-07;1.22448979591837e-01
6.67700000000000e-07;2.85714285714286e-01
6.69175000000000e-07;3.60544217687075e-01
6.70650000000000e-07;3.46938775510204e-01
6.72125000000000e-07;2.04081632653061e-01
6.73600000000000e-07;1.63265306122449e-01
6.75075000000000e-07;1.29251700680272e-01
6.76550000000000e-07;2.78911564625851e-01
6.78025000000000e-07;4.69387755102041e-01
6.79500000000000e-07;7.34693877551021e-01
6.80975000000000e-07;1.07482993197279e+00
