3.72700000000000e-07;1.00000000000000e+00
3.74175000000000e-07;1.00000000000000e+00
3.75650000000000e-07;1.00000000000000e+00
3.77125000000000e-07;1.00000000000000e+00
3.78600000000000e-07;1.00000000000000e+00
3.80075000000000e-07;1.00000000000000e+00
3.81550000000000e-07;1.00000000000000e+00
3.83025000000000e-07;1.00000000000000e+00
3.84500000000000e-07;1.00000000000000e+00
3.85975000000000e-07;1.00000000000000e+00
3.87450000000000e-07;1.00000000000000e+00
3.88925000000000e-07;1.00000000000000e+00
3.90400000000000e-07;1.00000000000000e+00
3.91875000000000e-07;1.00000000000000e+00
3.93350000000000e-07;1.00000000000000e+00
3.94825000000000e-07;1.00000000000000e+00
3.96300000000000e-07;1.00000000000000e+00
3.97775000000000e-07;1.00000000000000e+00
3.99250000000000e-07;1.00000000000000e+00
4.00725000000000e-07;1.00000000000000e+00
4.02200000000000e-07;1.00000000000000e+00
4.03675000000000e-07;1.01360544217687e+00
4.05150000000000e-07;9.93197278911565e-01
4.06625000000000e-07;9.38775510204082e-01
4.08100000000000e-07;9.11564625850341e-01
4.09575000000000e-07;9.11564625850341e-01
4.11050000000000e-07;9.38775510204082e-01
4.12525000000000e-07;9.93197278911565e-01
4.14000000000000e-07;1.01360544217687e+00
4.15475000000000e-07;1.00000000000000e+00
4.16950000000000e-07;1.00000000000000e+00
4.18425000000000e-07;1.00000000000000e+00
4.19900000000000e-07;1.00000000000000e+00
4.21375000000000e-07;1.00000000000000e+00
4.22850000000000e-07;1.00000000000000e+00
4.24325000000000e-07;1.00000000000000e+00
4.25800000000000e-07;1.00000000000000e+00
4.27275000000000e-07;1.00000000000000e+00
4.28750000000000e-07;1.00000000000000e+00
4.30225000000000e-07;1.00000000000000e+00
4.31700000000000e-07;1.00000000000000e+00
4.33175000000000e-07;1.00000000000000e+00
4.34650000000000e-07;1.00000000000000e+00
4.36125000000000e-07;1.00000000000000e+00
4.37600000000000e-07;1.00000000000000e+00
4.39075000000000e-07;1.00000000000000e+00
4.40550000000000e-07;1.00000000000000e+00
4.42025000000000e-07;1.00000000000000e+00
4.43500000000000e-07;1.00000000000000e+00
4.44975000000000e-07;1.00000000000000e+00
4.46450000000000e-07;1.00000000000000e+00
4.47925000000000e-07;1.00000000000000e+00
4.49400000000000e-07;1.00000000000000e+00
4.50875000000000e-07;1.00000000000000e+00
4.52350000000000e-07;1.00000000000000e+00
4.53825000000000e-07;1.00000000000000e+00
4.55300000000000e-07;1.00000000000000e+00
4.56775000000000e-07;1.00000000000000e+00
4.58250000000000e-07;1.00000000000000e+00
4.59725000000000e-07;1.00000000000000e+00
4.61200000000000e-07;1.00000000000000e+00
4.62675000000000e-07;1.00000000000000e+00
4.64150000000000e-07;1.00000000000000e+00
4.65625000000000e-07;1.00000000000000e+00
4.67100000000000e-07;1.00000000000000e+00
4.68575000000000e-07;1.00000000000000e+00
4.70050000000000e-07;1.00000000000000e+00
4.71525000000000e-07;1.00000000000000e+00
4.73000000000000e-07;1.00000000000000e+00
4.74475000000000e-07;1.00000000000000e+00
4.75950000000000e-07;1.00000000000000e+00
4.77425000000000e-07;1.00000000000000e+00
4.78900000000000e-07;1.00000000000000e+00
4.80375000000000e-07;1.00000000000000e+00
4.81850000000000e-07;1.00000000000000e+00
4.83325000000000e-07;1.00000000000000e+00
4.84800000000000e-07;1.00000000000000e+00
4.86275000000000e-07;1.00000000000000e+00
4.87750000000000e-07;1.00000000000000e+00
4.89225000000000e-07;1.00000000000000e+00
4.90700000000000e-07;9.72789115646259e-01
4.92175000000000e-07;1.01360544217687e+00
4.93650000000000e-07;1.09523809523810e+00
4.95125000000000e-07;1.21768707482993e+00
4.96600000000000e-07;1.25850340136055e+00
4.98075000000000e-07;1.21768707482993e+00
4.99550000000000e-07;1.09523809523810e+00
5.01025000000000e-07;1.01360544217687e+00
5.02500000000000e-07;9.72789115646259e-01
5.03975000000000e-07;1.00000000000000e+00
5.05450000000000e-07;1.02721088435374e+00
5.06925000000000e-07;9.86394557823130e-01
5.08400000000000e-07;9.04761904761905e-01
5.09875000000000e-07;7.68707482993198e-01
5.11350000000000e-07;7.48299319727892e-01
5.12825000000000e-07;8.43537414965987e-01
5.14300000000000e-07;9.93197278911565e-01
5.15775000000000e-07;1.07482993197279e+00
5.17250000000000e-07;1.10204081632653e+00
5.18725000000000e-07;1.00000000000000e+00
5.20200000000000e-07;9.38775510204082e-01
5.21675000000000e-07;8.91156462585035e-01
5.23150000000000e-07;8.70748299319729e-01
5.24625000000000e-07;8.91156462585035e-01
5.26100000000000e-07;9.52380952380953e-01
5.27575000000000e-07;9.93197278911565e-01
5.29050000000000e-07;1.01360544217687e+00
5.30525000000000e-07;1.00000000000000e+00
5.32000000000000e-07;1.00000000000000e+00
5.33475000000000e-07;1.00000000000000e+00
5.34950000000000e-07;1.00000000000000e+00
5.36425000000000e-07;1.00000000000000e+00
5.37900000000000e-07;1.00000000000000e+00
5.39375000000000e-07;1.00000000000000e+00
5.40850000000000e-07;1.00000000000000e+00
5.42325000000000e-07;1.00000000000000e+00
5.43800000000000e-07;1.00000000000000e+00
5.45275000000000e-07;1.00000000000000e+00
5.46750000000000e-07;1.00000000000000e+00
5.48225000000000e-07;1.00000000000000e+00
5.49700000000000e-07;1.00000000000000e+00
5.51175000000000e-07;1.00000000000000e+00
5.52650000000000e-07;1.00000000000000e+00
5.54125000000000e-07;1.00000000000000e+00
5.55600000000000e-07;1.00000000000000e+00
5.57075000000000e-07;9.31972789115647e-01
5.58550000000000e-07;1.03401360544218e+00
5.60025000000000e-07;1.22448979591837e+00
5.61500000000000e-07;1.46938775510204e+00
5.62975000000000e-07;1.73469387755102e+00
5.64450000000000e-07;1.92517006802721e+00
5.65925000000000e-07;1.93197278911565e+00
5.67400000000000e-07;2.01360544217687e+00
5.68875000000000e-07;1.89795918367347e+00
5.70350000000000e-07;2.05442176870748e+00
5.71825000000000e-07;2.61904761904762e+00
5.73300000000000e-07;3.59863945578232e+00
5.74775000000000e-07;4.94557823129252e+00
5.76250000000000e-07;6.64625850340136e+00
5.77725000000000e-07;8.94557823129252e+00
5.79200000000000e-07;1.27551020408163e+01
5.80675000000000e-07;1.75850340136055e+01
5.82150000000000e-07;2.31020408163265e+01
5.83625000000000e-07;2.78367346938776e+01
5.85100000000000e-07;3.49863945578232e+01
5.86575000000000e-07;4.35510204081633e+01
5.88050000000000e-07;5.30272108843538e+01
5.89525000000000e-07;6.17687074829932e+01
5.91000000000000e-07;6.81428571428572e+01
5.92475000000000e-07;7.08911564625851e+01
5.93950000000000e-07;7.38367346938776e+01
5.95425000000000e-07;7.63265306122450e+01
5.96900000000000e-07;7.83333333333334e+01
5.98375000000000e-07;7.92925170068028e+01
5.99850000000000e-07;7.90680272108844e+01
6.01325000000000e-07;7.78639455782314e+01
6.02800000000000e-07;7.71224489795919e+01
6.04275000000000e-07;7.73333333333334e+01
6.05750000000000e-07;8.30884353741497e+01
6.07225000000000e-07;9.33061224489797e+01
6.08700000000000e-07;1.06571428571429e+02
6.10175000000000e-07;1.20251700680272e+02
6.11650000000000e-07;1.31258503401361e+02
6.13125000000000e-07;1.35000000000000e+02
6.14600000000000e-07;1.47414965986395e+02
6.16075000000000e-07;1.64299319727891e+02
6.17550000000000e-07;1.81476190476191e+02
6.19025000000000e-07;1.94891156462585e+02
6.20500000000000e-07;1.99285714285714e+02
6.21975000000000e-07;1.90884353741497e+02
6.23450000000000e-07;1.77102040816327e+02
6.24925000000000e-07;1.52965986394558e+02
6.26400000000000e-07;1.23816326530612e+02
6.27875000000000e-07;9.81632653061225e+01
6.29350000000000e-07;8.44353741496599e+01
6.30825000000000e-07;8.15034013605443e+01
6.32300000000000e-07;8.07142857142858e+01
6.33775000000000e-07;7.59183673469388e+01
6.35250000000000e-07;6.72925170068028e+01
6.36725000000000e-07;5.60204081632654e+01
6.38200000000000e-07;4.69727891156463e+01
6.39675000000000e-07;3.84421768707483e+01
6.41150000000000e-07;3.01700680272109e+01
6.42625000000000e-07;2.32857142857143e+01
6.44100000000000e-07;1.83129251700680e+01
6.45575000000000e-07;1.43197278911565e+01
6.47050000000000e-07;1.17482993197279e+01
6.48525000000000e-07;9.46938775510205e+00
6.50000000000000e-07;7.38775510204082e+00
6.51475000000000e-07;5.72108843537415e+00
6.52950000000000e-07;4.29931972789116e+00
6.54425000000000e-07;3.34013605442177e+00
6.55900000000000e-07;2.74149659863946e+00
6.57375000000000e-07;2.33333333333334e+00
6.58850000000000e-07;2.00000000000000e+00
6.60325000000000e-07;1.90476190476191e+00
6.61800000000000e-07;1.70748299319728e+00
6.63275000000000e-07;1.59183673469388e+00
6.64750000000000e-07;1.40136054421769e+00
6.66225000000000e-07;1.19727891156463e+00
6.67700000000000e-07;1.06122448979592e+00
6.69175000000000e-07;1.06122448979592e+00
6.70650000000000e-07;1.08163265306123e+00
6.72125000000000e-07;1.12925170068027e+00
6.73600000000000e-07;1.10884353741497e+00
6.75075000000000e-07;1.06122448979592e+00
6.76550000000000e-07;1.01360544217687e+00
6.78025000000000e-07;9.38775510204082e-01
6.79500000000000e-07;8.46938775510205e-01
6.80975000000000e-07;7.38095238095239e-01
