3.72700000000000e-07;3.71428571428571e+00
3.74175000000000e-07;4.35714285714285e+00
3.75650000000000e-07;4.92857142857143e+00
3.77125000000000e-07;5.42857142857143e+00
3.78600000000000e-07;6.04761904761905e+00
3.80075000000000e-07;6.00000000000000e+00
3.81550000000000e-07;6.52380952380953e+00
3.83025000000000e-07;7.14285714285715e+00
3.84500000000000e-07;7.90476190476191e+00
3.85975000000000e-07;8.76190476190477e+00
3.87450000000000e-07;9.23809523809524e+00
3.88925000000000e-07;9.38095238095239e+00
3.90400000000000e-07;1.00000000000000e+01
3.91875000000000e-07;1.05238095238095e+01
3.93350000000000e-07;1.10000000000000e+01
3.94825000000000e-07;1.14761904761905e+01
3.96300000000000e-07;1.19047619047619e+01
3.97775000000000e-07;1.25714285714286e+01
3.99250000000000e-07;1.33333333333333e+01
4.00725000000000e-07;1.41428571428572e+01
4.02200000000000e-07;1.50476190476191e+01
4.03675000000000e-07;1.53809523809524e+01
4.05150000000000e-07;1.55714285714286e+01
4.06625000000000e-07;1.65714285714286e+01
4.08100000000000e-07;1.74761904761905e+01
4.09575000000000e-07;1.93809523809524e+01
4.11050000000000e-07;2.25238095238095e+01
4.12525000000000e-07;2.70476190476191e+01
4.14000000000000e-07;3.40000000000000e+01
4.15475000000000e-07;4.34761904761905e+01
4.16950000000000e-07;5.48095238095238e+01
4.18425000000000e-07;6.90476190476191e+01
4.19900000000000e-07;8.51428571428572e+01
4.21375000000000e-07;1.05904761904762e+02
4.22850000000000e-07;1.29095238095238e+02
4.24325000000000e-07;1.56428571428572e+02
4.25800000000000e-07;1.84666666666667e+02
4.27275000000000e-07;2.12285714285714e+02
4.28750000000000e-07;2.33904761904762e+02
4.30225000000000e-07;2.48714285714286e+02
4.31700000000000e-07;2.54380952380953e+02
4.33175000000000e-07;2.56238095238095e+02
4.34650000000000e-07;2.55047619047619e+02
4.36125000000000e-07;2.54714285714286e+02
4.37600000000000e-07;2.54857142857143e+02
4.39075000000000e-07;2.55095238095238e+02
4.40550000000000e-07;2.55000000000000e+02
4.42025000000000e-07;2.55000000000000e+02
4.43500000000000e-07;2.55000000000000e+02
4.44975000000000e-07;2.55000000000000e+02
4.46450000000000e-07;2.55000000000000e+02
4.47925000000000e-07;2.55000000000000e+02
4.49400000000000e-07;2.55000000000000e+02
4.50875000000000e-07;2.55000000000000e+02
4.52350000000000e-07;2.55000000000000e+02
4.53825000000000e-07;2.55380952380953e+02
4.55300000000000e-07;2.54714285714286e+02
4.56775000000000e-07;2.53904761904762e+02
4.58250000000000e-07;2.53142857142857e+02
4.59725000000000e-07;2.51095238095238e+02
4.61200000000000e-07;2.47761904761905e+02
4.62675000000000e-07;2.45904761904762e+02
4.64150000000000e-07;2.43523809523810e+02
4.65625000000000e-07;2.43571428571429e+02
4.67100000000000e-07;2.46333333333334e+02
4.68575000000000e-07;2.48523809523810e+02
4.70050000000000e-07;2.48714285714286e+02
4.71525000000000e-07;2.49047619047619e+02
4.73000000000000e-07;2.46809523809524e+02
4.74475000000000e-07;2.46238095238095e+02
4.75950000000000e-07;2.45714285714286e+02
4.77425000000000e-07;2.46285714285714e+02
4.78900000000000e-07;2.44333333333334e+02
4.80375000000000e-07;2.39428571428572e+02
4.81850000000000e-07;2.30000000000000e+02
4.83325000000000e-07;2.18095238095238e+02
4.84800000000000e-07;2.02047619047619e+02
4.86275000000000e-07;1.85809523809524e+02
4.87750000000000e-07;1.67714285714286e+02
4.89225000000000e-07;1.48666666666667e+02
4.90700000000000e-07;1.30142857142857e+02
4.92175000000000e-07;1.10952380952381e+02
4.93650000000000e-07;9.30000000000001e+01
4.95125000000000e-07;7.62380952380953e+01
4.96600000000000e-07;6.13809523809524e+01
4.98075000000000e-07;4.81428571428572e+01
4.99550000000000e-07;3.81428571428572e+01
5.01025000000000e-07;2.99047619047619e+01
5.02500000000000e-07;2.57619047619048e+01
5.03975000000000e-07;2.33333333333333e+01
5.05450000000000e-07;2.19523809523810e+01
5.06925000000000e-07;2.02380952380953e+01
5.08400000000000e-07;1.81904761904762e+01
5.09875000000000e-07;1.54761904761905e+01
5.11350000000000e-07;1.33809523809524e+01
5.12825000000000e-07;1.10952380952381e+01
5.14300000000000e-07;9.61904761904763e+00
5.15775000000000e-07;8.80952380952382e+00
5.17250000000000e-07;8.33333333333334e+00
5.18725000000000e-07;8.00000000000001e+00
5.20200000000000e-07;8.19047619047620e+00
5.21675000000000e-07;8.33333333333334e+00
5.23150000000000e-07;8.71428571428572e+00
5.24625000000000e-07;8.57142857142858e+00
5.26100000000000e-07;8.09523809523810e+00
5.27575000000000e-07;7.38095238095239e+00
5.29050000000000e-07;6.95238095238096e+00
5.30525000000000e-07;7.00000000000001e+00
5.32000000000000e-07;7.04761904761905e+00
5.33475000000000e-07;6.71428571428572e+00
5.34950000000000e-07;5.95238095238096e+00
5.36425000000000e-07;5.04761904761905e+00
5.37900000000000e-07;4.28571428571429e+00
5.39375000000000e-07;3.95238095238096e+00
5.40850000000000e-07;3.90476190476191e+00
5.42325000000000e-07;4.00000000000000e+00
5.43800000000000e-07;4.00000000000000e+00
5.45275000000000e-07;4.00000000000000e+00
5.46750000000000e-07;4.09523809523810e+00
5.48225000000000e-07;3.95238095238096e+00
5.49700000000000e-07;3.66666666666667e+00
5.51175000000000e-07;3.33333333333334e+00
5.52650000000000e-07;3.04761904761905e+00
5.54125000000000e-07;2.90476190476191e+00
5.55600000000000e-07;3.00000000000000e+00
5.57075000000000e-07;3.00000000000000e+00
5.58550000000000e-07;3.00000000000000e+00
5.60025000000000e-07;3.00000000000000e+00
5.61500000000000e-07;3.00000000000000e+00
5.62975000000000e-07;3.00000000000000e+00
5.64450000000000e-07;3.00000000000000e+00
5.65925000000000e-07;3.00000000000000e+00
5.67400000000000e-07;3.00000000000000e+00
5.68875000000000e-07;3.00000000000000e+00
5.70350000000000e-07;3.00000000000000e+00
5.71825000000000e-07;3.00000000000000e+00
5.73300000000000e-07;3.00000000000000e+00
5.74775000000000e-07;3.00000000000000e+00
5.76250000000000e-07;3.00000000000000e+00
5.77725000000000e-07;3.00000000000000e+00
5.79200000000000e-07;3.00000000000000e+00
5.80675000000000e-07;3.00000000000000e+00
5.82150000000000e-07;3.00000000000000e+00
5.83625000000000e-07;3.00000000000000e+00
5.85100000000000e-07;3.00000000000000e+00
5.86575000000000e-07;3.00000000000000e+00
5.88050000000000e-07;3.00000000000000e+00
5.89525000000000e-07;3.00000000000000e+00
5.91000000000000e-07;3.00000000000000e+00
5.92475000000000e-07;3.00000000000000e+00
5.93950000000000e-07;3.00000000000000e+00
5.95425000000000e-07;3.00000000000000e+00
5.96900000000000e-07;3.00000000000000e+00
5.98375000000000e-07;3.00000000000000e+00
5.99850000000000e-07;3.00000000000000e+00
6.01325000000000e-07;3.00000000000000e+00
6.02800000000000e-07;3.00000000000000e+00
6.04275000000000e-07;3.00000000000000e+00
6.05750000000000e-07;3.09523809523810e+00
6.07225000000000e-07;3.04761904761905e+00
6.08700000000000e-07;2.71428571428572e+00
6.10175000000000e-07;1.85714285714286e+00
6.11650000000000e-07;1.09523809523810e+00
6.13125000000000e-07;6.19047619047620e-01
6.14600000000000e-07;6.19047619047620e-01
6.16075000000000e-07;8.57142857142858e-01
6.17550000000000e-07;1.09523809523810e+00
6.19025000000000e-07;1.00000000000000e+00
6.20500000000000e-07;1.00000000000000e+00
6.21975000000000e-07;1.00000000000000e+00
6.23450000000000e-07;1.00000000000000e+00
6.24925000000000e-07;1.00000000000000e+00
6.26400000000000e-07;1.00000000000000e+00
6.27875000000000e-07;1.00000000000000e+00
6.29350000000000e-07;1.00000000000000e+00
6.30825000000000e-07;1.00000000000000e+00
6.32300000000000e-07;1.00000000000000e+00
6.33775000000000e-07;1.00000000000000e+00
6.35250000000000e-07;1.00000000000000e+00
6.36725000000000e-07;1.00000000000000e+00
6.38200000000000e-07;1.00000000000000e+00
6.39675000000000e-07;1.00000000000000e+00
6.41150000000000e-07;1.00000000000000e+00
6.42625000000000e-07;1.00000000000000e+00
6.44100000000000e-07;1.00000000000000e+00
6.45575000000000e-07;9.04761904761905e-01
6.47050000000000e-07;9.52380952380953e-01
6.48525000000000e-07;1.47619047619048e+00
6.50000000000000e-07;1.95238095238095e+00
6.51475000000000e-07;2.28571428571429e+00
6.52950000000000e-07;2.28571428571429e+00
6.54425000000000e-07;2.19047619047619e+00
6.55900000000000e-07;2.33333333333334e+00
6.57375000000000e-07;2.71428571428572e+00
6.58850000000000e-07;2.57142857142857e+00
6.60325000000000e-07;2.09523809523810e+00
6.61800000000000e-07;1.38095238095238e+00
6.63275000000000e-07;9.52380952380953e-01
6.64750000000000e-07;9.04761904761905e-01
6.66225000000000e-07;1.00000000000000e+00
6.67700000000000e-07;1.00000000000000e+00
6.69175000000000e-07;9.04761904761905e-01
6.70650000000000e-07;9.52380952380953e-01
6.72125000000000e-07;1.47619047619048e+00
6.73600000000000e-07;1.76190476190476e+00
6.75075000000000e-07;2.28571428571429e+00
6.76550000000000e-07;3.09523809523810e+00
6.78025000000000e-07;3.78571428571429e+00
6.79500000000000e-07;4.50000000000000e+00
6.80975000000000e-07;5.23809523809524e+00
