3.72700000000000e-07;1.05026455026455e+00
3.74175000000000e-07;1.03174603174603e+00
3.75650000000000e-07;1.00793650793651e+00
3.77125000000000e-07;9.78835978835980e-01
3.78600000000000e-07;9.84126984126985e-01
3.80075000000000e-07;8.88888888888890e-01
3.81550000000000e-07;8.57142857142858e-01
3.83025000000000e-07;8.51851851851853e-01
3.84500000000000e-07;8.51851851851853e-01
3.85975000000000e-07;9.41798941798942e-01
3.87450000000000e-07;9.94708994708995e-01
3.88925000000000e-07;1.05820105820106e+00
3.90400000000000e-07;1.15873015873016e+00
3.91875000000000e-07;1.17989417989418e+00
3.93350000000000e-07;1.09523809523810e+00
3.94825000000000e-07;9.89417989417990e-01
3.96300000000000e-07;8.78306878306879e-01
3.97775000000000e-07;9.31216931216932e-01
3.99250000000000e-07;1.04232804232804e+00
4.00725000000000e-07;1.17460317460318e+00
4.02200000000000e-07;1.25925925925926e+00
4.03675000000000e-07;1.26455026455027e+00
4.05150000000000e-07;1.25396825396825e+00
4.06625000000000e-07;1.26455026455027e+00
4.08100000000000e-07;1.24867724867725e+00
4.09575000000000e-07;1.17989417989418e+00
4.11050000000000e-07;1.08994708994709e+00
4.12525000000000e-07;1.00000000000000e+00
4.14000000000000e-07;9.78835978835980e-01
4.15475000000000e-07;9.68253968253969e-01
4.16950000000000e-07;1.01587301587302e+00
4.18425000000000e-07;1.11111111111111e+00
4.19900000000000e-07;1.22222222222222e+00
4.21375000000000e-07;1.31746031746032e+00
4.22850000000000e-07;1.36507936507937e+00
4.24325000000000e-07;1.33333333333333e+00
4.25800000000000e-07;1.33333333333333e+00
4.27275000000000e-07;1.29100529100529e+00
4.28750000000000e-07;1.36507936507937e+00
4.30225000000000e-07;1.47619047619048e+00
4.31700000000000e-07;1.59259259259259e+00
4.33175000000000e-07;1.68253968253968e+00
4.34650000000000e-07;1.70370370370371e+00
4.36125000000000e-07;1.64021164021164e+00
4.37600000000000e-07;1.71428571428572e+00
4.39075000000000e-07;1.80423280423281e+00
4.40550000000000e-07;1.94708994708995e+00
4.42025000000000e-07;2.01587301587302e+00
4.43500000000000e-07;2.04761904761905e+00
4.44975000000000e-07;1.92063492063492e+00
4.46450000000000e-07;1.93121693121693e+00
4.47925000000000e-07;2.04232804232804e+00
4.49400000000000e-07;2.26455026455027e+00
4.50875000000000e-07;2.41798941798942e+00
4.52350000000000e-07;2.76719576719577e+00
4.53825000000000e-07;3.14285714285715e+00
4.55300000000000e-07;3.66666666666667e+00
4.56775000000000e-07;4.24338624338625e+00
4.58250000000000e-07;4.66137566137566e+00
4.59725000000000e-07;5.15873015873016e+00
4.61200000000000e-07;6.20105820105821e+00
4.62675000000000e-07;7.39153439153440e+00
4.64150000000000e-07;9.23280423280424e+00
4.65625000000000e-07;1.14074074074074e+01
4.67100000000000e-07;1.40423280423280e+01
4.68575000000000e-07;1.74285714285714e+01
4.70050000000000e-07;2.15608465608466e+01
4.71525000000000e-07;2.61587301587302e+01
4.73000000000000e-07;3.20370370370371e+01
4.74475000000000e-07;3.86402116402117e+01
4.75950000000000e-07;4.58306878306879e+01
4.77425000000000e-07;5.25079365079365e+01
4.78900000000000e-07;5.86031746031746e+01
4.80375000000000e-07;6.43862433862434e+01
4.81850000000000e-07;7.23280423280424e+01
4.83325000000000e-07;8.20846560846562e+01
4.84800000000000e-07;9.35238095238096e+01
4.86275000000000e-07;1.04587301587302e+02
4.87750000000000e-07;1.13841269841270e+02
4.89225000000000e-07;1.20253968253968e+02
4.90700000000000e-07;1.25962962962963e+02
4.92175000000000e-07;1.32920634920635e+02
4.93650000000000e-07;1.43031746031746e+02
4.95125000000000e-07;1.55910052910053e+02
4.96600000000000e-07;1.68058201058201e+02
4.98075000000000e-07;1.75825396825397e+02
4.99550000000000e-07;1.78989417989418e+02
5.01025000000000e-07;1.79460317460318e+02
5.02500000000000e-07;1.78820105820106e+02
5.03975000000000e-07;1.78804232804233e+02
5.05450000000000e-07;1.79470899470900e+02
5.06925000000000e-07;1.80783068783069e+02
5.08400000000000e-07;1.83767195767196e+02
5.09875000000000e-07;1.89312169312169e+02
5.11350000000000e-07;1.95417989417990e+02
5.12825000000000e-07;2.01428571428572e+02
5.14300000000000e-07;2.06253968253968e+02
5.15775000000000e-07;2.09084656084656e+02
5.17250000000000e-07;2.08984126984127e+02
5.18725000000000e-07;2.07026455026455e+02
5.20200000000000e-07;2.02835978835979e+02
5.21675000000000e-07;1.97629629629630e+02
5.23150000000000e-07;1.91502645502646e+02
5.24625000000000e-07;1.84555555555556e+02
5.26100000000000e-07;1.78910052910053e+02
5.27575000000000e-07;1.74608465608466e+02
5.29050000000000e-07;1.71645502645503e+02
5.30525000000000e-07;1.69301587301587e+02
5.32000000000000e-07;1.66740740740741e+02
5.33475000000000e-07;1.62661375661376e+02
5.34950000000000e-07;1.59513227513228e+02
5.36425000000000e-07;1.56486772486773e+02
5.37900000000000e-07;1.54063492063492e+02
5.39375000000000e-07;1.51301587301587e+02
5.40850000000000e-07;1.46894179894180e+02
5.42325000000000e-07;1.40656084656085e+02
5.43800000000000e-07;1.34253968253968e+02
5.45275000000000e-07;1.27851851851852e+02
5.46750000000000e-07;1.21804232804233e+02
5.48225000000000e-07;1.15587301587302e+02
5.49700000000000e-07;1.08661375661376e+02
5.51175000000000e-07;1.00751322751323e+02
5.52650000000000e-07;9.28941798941800e+01
5.54125000000000e-07;8.40264550264551e+01
5.55600000000000e-07;7.63280423280424e+01
5.57075000000000e-07;6.98994708994710e+01
5.58550000000000e-07;6.47671957671958e+01
5.60025000000000e-07;5.99629629629630e+01
5.61500000000000e-07;5.54021164021164e+01
5.62975000000000e-07;4.97142857142858e+01
5.64450000000000e-07;4.48359788359789e+01
5.65925000000000e-07;3.99259259259260e+01
5.67400000000000e-07;3.52592592592593e+01
5.68875000000000e-07;3.10529100529101e+01
5.70350000000000e-07;2.73227513227513e+01
5.71825000000000e-07;2.40211640211640e+01
5.73300000000000e-07;2.10529100529101e+01
5.74775000000000e-07;1.85185185185185e+01
5.76250000000000e-07;1.68306878306878e+01
5.77725000000000e-07;1.54814814814815e+01
5.79200000000000e-07;1.40529100529101e+01
5.80675000000000e-07;1.26666666666667e+01
5.82150000000000e-07;1.11428571428571e+01
5.83625000000000e-07;9.67195767195768e+00
5.85100000000000e-07;8.47089947089948e+00
5.86575000000000e-07;7.42328042328043e+00
5.88050000000000e-07;6.63492063492064e+00
5.89525000000000e-07;6.12698412698413e+00
5.91000000000000e-07;5.59788359788360e+00
5.92475000000000e-07;5.09523809523810e+00
5.93950000000000e-07;4.40740740740741e+00
5.95425000000000e-07;3.61904761904762e+00
5.96900000000000e-07;3.03174603174603e+00
5.98375000000000e-07;2.60846560846561e+00
5.99850000000000e-07;2.28042328042328e+00
6.01325000000000e-07;2.13756613756614e+00
6.02800000000000e-07;1.96825396825397e+00
6.04275000000000e-07;1.84656084656085e+00
6.05750000000000e-07;1.71428571428572e+00
6.07225000000000e-07;1.44444444444445e+00
6.08700000000000e-07;1.14814814814815e+00
6.10175000000000e-07;9.20634920634921e-01
6.11650000000000e-07;8.57142857142858e-01
6.13125000000000e-07;9.10052910052911e-01
6.14600000000000e-07;9.25925925925927e-01
6.16075000000000e-07;9.10052910052911e-01
6.17550000000000e-07;9.10052910052911e-01
6.19025000000000e-07;9.15343915343916e-01
6.20500000000000e-07;9.62962962962964e-01
6.21975000000000e-07;9.94708994708996e-01
6.23450000000000e-07;1.02116402116402e+00
6.24925000000000e-07;1.03703703703704e+00
6.26400000000000e-07;9.41798941798943e-01
6.27875000000000e-07;7.03703703703704e-01
6.29350000000000e-07;6.34920634920635e-01
6.30825000000000e-07;7.46031746031747e-01
6.32300000000000e-07;9.15343915343916e-01
6.33775000000000e-07;1.11111111111111e+00
6.35250000000000e-07;1.03703703703704e+00
6.36725000000000e-07;6.61375661375662e-01
6.38200000000000e-07;3.86243386243387e-01
6.39675000000000e-07;1.58730158730159e-01
6.41150000000000e-07;1.90476190476191e-01
6.42625000000000e-07;4.55026455026455e-01
6.44100000000000e-07;7.51322751322752e-01
6.45575000000000e-07;9.62962962962964e-01
6.47050000000000e-07;1.07407407407407e+00
6.48525000000000e-07;1.00000000000000e+00
6.50000000000000e-07;1.00000000000000e+00
6.51475000000000e-07;1.00000000000000e+00
6.52950000000000e-07;1.00000000000000e+00
6.54425000000000e-07;1.00000000000000e+00
6.55900000000000e-07;1.00000000000000e+00
6.57375000000000e-07;1.00000000000000e+00
6.58850000000000e-07;1.00000000000000e+00
6.60325000000000e-07;1.00000000000000e+00
6.61800000000000e-07;1.00000000000000e+00
6.63275000000000e-07;1.00000000000000e+00
6.64750000000000e-07;1.00000000000000e+00
6.66225000000000e-07;1.00000000000000e+00
6.67700000000000e-07;1.00000000000000e+00
6.69175000000000e-07;1.00000000000000e+00
6.70650000000000e-07;1.00000000000000e+00
6.72125000000000e-07;1.00000000000000e+00
6.73600000000000e-07;1.00000000000000e+00
6.75075000000000e-07;1.05291005291005e+00
6.76550000000000e-07;9.31216931216932e-01
6.78025000000000e-07;8.73015873015873e-01
6.79500000000000e-07;8.01587301587302e-01
6.80975000000000e-07;7.16931216931218e-01
