3.72700000000000e-07;1.05026455026455e+00
3.74175000000000e-07;1.03174603174603e+00
3.75650000000000e-07;1.00793650793651e+00
3.77125000000000e-07;9.78835978835980e-01
3.78600000000000e-07;9.84126984126985e-01
3.80075000000000e-07;8.88888888888890e-01
3.81550000000000e-07;8.57142857142858e-01
3.83025000000000e-07;8.51851851851853e-01
3.84500000000000e-07;8.51851851851853e-01
3.85975000000000e-07;9.41798941798942e-01
3.87450000000000e-07;9.94708994708995e-01
3.88925000000000e-07;1.05820105820106e+00
3.90400000000000e-07;1.15873015873016e+00
3.91875000000000e-07;1.17989417989418e+00
3.93350000000000e-07;1.09523809523810e+00
3.94825000000000e-07;9.89417989417990e-01
3.96300000000000e-07;8.78306878306879e-01
3.97775000000000e-07;9.31216931216932e-01
3.99250000000000e-07;1.04232804232804e+00
4.00725000000000e-07;1.17460317460318e+00
4.02200000000000e-07;1.25925925925926e+00
4.03675000000000e-07;1.26455026455027e+00
4.05150000000000e-07;1.25396825396825e+00
4.06625000000000e-07;1.26455026455027e+00
4.08100000000000e-07;1.24867724867725e+00
4.09575000000000e-07;1.17989417989418e+00
4.11050000000000e-07;1.08994708994709e+00
4.12525000000000e-07;1.00000000000000e+00
4.14000000000000e-07;9.78835978835980e-01
4.15475000000000e-07;9.68253968253969e-01
4.16950000000000e-07;1.01587301587302e+00
4.18425000000000e-07;1.11111111111111e+00
4.19900000000000e-07;1.22222222222222e+00
4.21375000000000e-07;1.31746031746032e+00
4.22850000000000e-07;1.36507936507937e+00
4.24325000000000e-07;1.33333333333333e+00
4.25800000000000e-07;1.33333333333333e+00
4.27275000000000e-07;1.26984126984127e+00
4.28750000000000e-07;1.38624338624339e+00
4.30225000000000e-07;1.54497354497355e+00
4.31700000000000e-07;1.69312169312169e+00
4.33175000000000e-07;1.82539682539683e+00
4.34650000000000e-07;1.87830687830688e+00
4.36125000000000e-07;1.80423280423281e+00
4.37600000000000e-07;1.95767195767196e+00
4.39075000000000e-07;2.03174603174603e+00
4.40550000000000e-07;2.18518518518519e+00
4.42025000000000e-07;2.33862433862434e+00
4.43500000000000e-07;2.37566137566138e+00
4.44975000000000e-07;2.23280423280423e+00
4.46450000000000e-07;2.19576719576720e+00
4.47925000000000e-07;2.20634920634921e+00
4.49400000000000e-07;2.45502645502646e+00
4.50875000000000e-07;2.70899470899471e+00
4.52350000000000e-07;3.16402116402117e+00
4.53825000000000e-07;3.65608465608466e+00
4.55300000000000e-07;4.25925925925926e+00
4.56775000000000e-07;4.96296296296297e+00
4.58250000000000e-07;5.60317460317461e+00
4.59725000000000e-07;6.25925925925926e+00
4.61200000000000e-07;7.43386243386244e+00
4.62675000000000e-07;8.58201058201059e+00
4.64150000000000e-07;1.01798941798942e+01
4.65625000000000e-07;1.19576719576720e+01
4.67100000000000e-07;1.40899470899471e+01
4.68575000000000e-07;1.67777777777778e+01
4.70050000000000e-07;2.02804232804233e+01
4.71525000000000e-07;2.41428571428572e+01
4.73000000000000e-07;2.93280423280423e+01
4.74475000000000e-07;3.53174603174603e+01
4.75950000000000e-07;4.23121693121693e+01
4.77425000000000e-07;4.91375661375662e+01
4.78900000000000e-07;5.59629629629630e+01
4.80375000000000e-07;6.28412698412699e+01
4.81850000000000e-07;7.25238095238096e+01
4.83325000000000e-07;8.49682539682540e+01
4.84800000000000e-07;1.00269841269841e+02
4.86275000000000e-07;1.16698412698413e+02
4.87750000000000e-07;1.32052910052910e+02
4.89225000000000e-07;1.45031746031746e+02
4.90700000000000e-07;1.57185185185185e+02
4.92175000000000e-07;1.71201058201058e+02
4.93650000000000e-07;1.88343915343915e+02
4.95125000000000e-07;2.09248677248677e+02
4.96600000000000e-07;2.29328042328042e+02
4.98075000000000e-07;2.44333333333334e+02
4.99550000000000e-07;2.52190476190476e+02
5.01025000000000e-07;2.55185185185185e+02
5.02500000000000e-07;2.54994708994709e+02
5.03975000000000e-07;2.54915343915344e+02
5.05450000000000e-07;2.54978835978836e+02
5.06925000000000e-07;2.54984126984127e+02
5.08400000000000e-07;2.54994708994709e+02
5.09875000000000e-07;2.55010582010582e+02
5.11350000000000e-07;2.55000000000000e+02
5.12825000000000e-07;2.55000000000000e+02
5.14300000000000e-07;2.55010582010582e+02
5.15775000000000e-07;2.55037037037037e+02
5.17250000000000e-07;2.54931216931217e+02
5.18725000000000e-07;2.54888888888889e+02
5.20200000000000e-07;2.54571428571429e+02
5.21675000000000e-07;2.54354497354498e+02
5.23150000000000e-07;2.53730158730159e+02
5.24625000000000e-07;2.52650793650794e+02
5.26100000000000e-07;2.52174603174603e+02
5.27575000000000e-07;2.52375661375662e+02
5.29050000000000e-07;2.52820105820106e+02
5.30525000000000e-07;2.53894179894180e+02
5.32000000000000e-07;2.54592592592593e+02
5.33475000000000e-07;2.54682539682540e+02
5.34950000000000e-07;2.54978835978836e+02
5.36425000000000e-07;2.55359788359789e+02
5.37900000000000e-07;2.55962962962963e+02
5.39375000000000e-07;2.54894179894180e+02
5.40850000000000e-07;2.49354497354498e+02
5.42325000000000e-07;2.39920634920635e+02
5.43800000000000e-07;2.28846560846561e+02
5.45275000000000e-07;2.17777777777778e+02
5.46750000000000e-07;2.07333333333333e+02
5.48225000000000e-07;1.96788359788360e+02
5.49700000000000e-07;1.85105820105820e+02
5.51175000000000e-07;1.71761904761905e+02
5.52650000000000e-07;1.58338624338624e+02
5.54125000000000e-07;1.43052910052910e+02
5.55600000000000e-07;1.29867724867725e+02
5.57075000000000e-07;1.18878306878307e+02
5.58550000000000e-07;1.10058201058201e+02
5.60025000000000e-07;1.01936507936508e+02
5.61500000000000e-07;9.43174603174604e+01
5.62975000000000e-07;8.45661375661376e+01
5.64450000000000e-07;7.64179894179895e+01
5.65925000000000e-07;6.80264550264551e+01
5.67400000000000e-07;6.00846560846561e+01
5.68875000000000e-07;5.31534391534392e+01
5.70350000000000e-07;4.65714285714286e+01
5.71825000000000e-07;3.91957671957672e+01
5.73300000000000e-07;3.22857142857143e+01
5.74775000000000e-07;2.62592592592593e+01
5.76250000000000e-07;2.23597883597884e+01
5.77725000000000e-07;1.98095238095238e+01
5.79200000000000e-07;1.74338624338624e+01
5.80675000000000e-07;1.45502645502646e+01
5.82150000000000e-07;1.19629629629630e+01
5.83625000000000e-07;9.78306878306879e+00
5.85100000000000e-07;8.24338624338625e+00
5.86575000000000e-07;6.98412698412699e+00
5.88050000000000e-07;6.11111111111112e+00
5.89525000000000e-07;5.58201058201059e+00
5.91000000000000e-07;5.01587301587302e+00
5.92475000000000e-07;4.42857142857143e+00
5.93950000000000e-07;3.63492063492064e+00
5.95425000000000e-07;2.96296296296297e+00
5.96900000000000e-07;2.56613756613757e+00
5.98375000000000e-07;2.41269841269841e+00
5.99850000000000e-07;2.27513227513228e+00
6.01325000000000e-07;2.19047619047619e+00
6.02800000000000e-07;1.96825396825397e+00
6.04275000000000e-07;1.84656084656085e+00
6.05750000000000e-07;1.71428571428572e+00
6.07225000000000e-07;1.44444444444445e+00
6.08700000000000e-07;1.14814814814815e+00
6.10175000000000e-07;9.20634920634921e-01
6.11650000000000e-07;8.57142857142858e-01
6.13125000000000e-07;9.10052910052911e-01
6.14600000000000e-07;9.25925925925927e-01
6.16075000000000e-07;9.10052910052911e-01
6.17550000000000e-07;9.10052910052911e-01
6.19025000000000e-07;9.15343915343916e-01
6.20500000000000e-07;9.62962962962964e-01
6.21975000000000e-07;9.94708994708996e-01
6.23450000000000e-07;1.02116402116402e+00
6.24925000000000e-07;1.03703703703704e+00
6.26400000000000e-07;9.41798941798943e-01
6.27875000000000e-07;7.03703703703704e-01
6.29350000000000e-07;6.34920634920635e-01
6.30825000000000e-07;7.46031746031747e-01
6.32300000000000e-07;9.15343915343916e-01
6.33775000000000e-07;1.11111111111111e+00
6.35250000000000e-07;1.03703703703704e+00
6.36725000000000e-07;6.61375661375662e-01
6.38200000000000e-07;3.86243386243387e-01
6.39675000000000e-07;1.58730158730159e-01
6.41150000000000e-07;1.90476190476191e-01
6.42625000000000e-07;4.55026455026455e-01
6.44100000000000e-07;7.51322751322752e-01
6.45575000000000e-07;9.62962962962964e-01
6.47050000000000e-07;1.07407407407407e+00
6.48525000000000e-07;1.00000000000000e+00
6.50000000000000e-07;1.00000000000000e+00
6.51475000000000e-07;1.00000000000000e+00
6.52950000000000e-07;1.00000000000000e+00
6.54425000000000e-07;1.00000000000000e+00
6.55900000000000e-07;1.00000000000000e+00
6.57375000000000e-07;1.00000000000000e+00
6.58850000000000e-07;1.00000000000000e+00
6.60325000000000e-07;1.00000000000000e+00
6.61800000000000e-07;1.00000000000000e+00
6.63275000000000e-07;1.00000000000000e+00
6.64750000000000e-07;1.00000000000000e+00
6.66225000000000e-07;1.00000000000000e+00
6.67700000000000e-07;1.00000000000000e+00
6.69175000000000e-07;1.00000000000000e+00
6.70650000000000e-07;1.00000000000000e+00
6.72125000000000e-07;1.00000000000000e+00
6.73600000000000e-07;1.00000000000000e+00
6.75075000000000e-07;1.05291005291005e+00
6.76550000000000e-07;9.31216931216932e-01
6.78025000000000e-07;8.73015873015873e-01
6.79500000000000e-07;8.01587301587302e-01
6.80975000000000e-07;7.16931216931218e-01
