3.72700000000000e-07;1.00000000000000e+00
3.74175000000000e-07;1.00000000000000e+00
3.75650000000000e-07;1.00000000000000e+00
3.77125000000000e-07;1.00000000000000e+00
3.78600000000000e-07;1.00000000000000e+00
3.80075000000000e-07;1.00000000000000e+00
3.81550000000000e-07;1.00000000000000e+00
3.83025000000000e-07;1.00000000000000e+00
3.84500000000000e-07;1.00000000000000e+00
3.85975000000000e-07;1.00000000000000e+00
3.87450000000000e-07;1.00000000000000e+00
3.88925000000000e-07;1.00000000000000e+00
3.90400000000000e-07;1.00000000000000e+00
3.91875000000000e-07;1.00000000000000e+00
3.93350000000000e-07;1.00000000000000e+00
3.94825000000000e-07;1.00000000000000e+00
3.96300000000000e-07;1.00000000000000e+00
3.97775000000000e-07;1.00000000000000e+00
3.99250000000000e-07;1.00000000000000e+00
4.00725000000000e-07;1.00000000000000e+00
4.02200000000000e-07;1.00000000000000e+00
4.03675000000000e-07;1.00000000000000e+00
4.05150000000000e-07;1.00000000000000e+00
4.06625000000000e-07;1.00000000000000e+00
4.08100000000000e-07;1.00000000000000e+00
4.09575000000000e-07;1.00000000000000e+00
4.11050000000000e-07;1.00000000000000e+00
4.12525000000000e-07;1.00000000000000e+00
4.14000000000000e-07;1.00000000000000e+00
4.15475000000000e-07;1.00000000000000e+00
4.16950000000000e-07;1.00000000000000e+00
4.18425000000000e-07;1.00000000000000e+00
4.19900000000000e-07;1.00000000000000e+00
4.21375000000000e-07;1.00000000000000e+00
4.22850000000000e-07;1.00000000000000e+00
4.24325000000000e-07;1.00000000000000e+00
4.25800000000000e-07;1.00000000000000e+00
4.27275000000000e-07;1.00000000000000e+00
4.28750000000000e-07;1.00000000000000e+00
4.30225000000000e-07;1.00000000000000e+00
4.31700000000000e-07;1.00000000000000e+00
4.33175000000000e-07;1.00000000000000e+00
4.34650000000000e-07;1.00000000000000e+00
4.36125000000000e-07;1.00000000000000e+00
4.37600000000000e-07;1.00000000000000e+00
4.39075000000000e-07;1.00000000000000e+00
4.40550000000000e-07;1.00000000000000e+00
4.42025000000000e-07;1.00000000000000e+00
4.43500000000000e-07;1.00000000000000e+00
4.44975000000000e-07;1.00000000000000e+00
4.46450000000000e-07;1.00000000000000e+00
4.47925000000000e-07;1.00000000000000e+00
4.49400000000000e-07;1.00000000000000e+00
4.50875000000000e-07;1.00000000000000e+00
4.52350000000000e-07;1.00000000000000e+00
4.53825000000000e-07;1.00000000000000e+00
4.55300000000000e-07;1.00000000000000e+00
4.56775000000000e-07;1.00000000000000e+00
4.58250000000000e-07;1.00000000000000e+00
4.59725000000000e-07;1.00000000000000e+00
4.61200000000000e-07;1.00000000000000e+00
4.62675000000000e-07;1.00000000000000e+00
4.64150000000000e-07;1.00000000000000e+00
4.65625000000000e-07;1.00000000000000e+00
4.67100000000000e-07;1.00000000000000e+00
4.68575000000000e-07;1.01058201058201e+00
4.70050000000000e-07;9.94708994708996e-01
4.71525000000000e-07;9.62962962962964e-01
4.73000000000000e-07;9.25925925925927e-01
4.74475000000000e-07;8.83597883597884e-01
4.75950000000000e-07;8.83597883597884e-01
4.77425000000000e-07;9.25925925925927e-01
4.78900000000000e-07;9.62962962962964e-01
4.80375000000000e-07;9.94708994708996e-01
4.81850000000000e-07;1.01058201058201e+00
4.83325000000000e-07;1.00000000000000e+00
4.84800000000000e-07;1.00000000000000e+00
4.86275000000000e-07;1.00000000000000e+00
4.87750000000000e-07;1.00000000000000e+00
4.89225000000000e-07;1.00000000000000e+00
4.90700000000000e-07;1.00000000000000e+00
4.92175000000000e-07;1.00000000000000e+00
4.93650000000000e-07;1.00000000000000e+00
4.95125000000000e-07;1.00000000000000e+00
4.96600000000000e-07;1.00000000000000e+00
4.98075000000000e-07;1.00000000000000e+00
4.99550000000000e-07;1.00000000000000e+00
5.01025000000000e-07;1.00000000000000e+00
5.02500000000000e-07;1.00000000000000e+00
5.03975000000000e-07;1.00000000000000e+00
5.05450000000000e-07;1.00000000000000e+00
5.06925000000000e-07;1.00000000000000e+00
5.08400000000000e-07;1.00000000000000e+00
5.09875000000000e-07;1.00000000000000e+00
5.11350000000000e-07;1.00000000000000e+00
5.12825000000000e-07;1.00000000000000e+00
5.14300000000000e-07;1.00000000000000e+00
5.15775000000000e-07;1.00000000000000e+00
5.17250000000000e-07;1.00000000000000e+00
5.18725000000000e-07;1.00000000000000e+00
5.20200000000000e-07;1.00000000000000e+00
5.21675000000000e-07;1.00000000000000e+00
5.23150000000000e-07;1.00000000000000e+00
5.24625000000000e-07;1.00000000000000e+00
5.26100000000000e-07;1.00000000000000e+00
5.27575000000000e-07;1.00000000000000e+00
5.29050000000000e-07;1.00000000000000e+00
5.30525000000000e-07;1.00000000000000e+00
5.32000000000000e-07;1.00000000000000e+00
5.33475000000000e-07;1.01058201058201e+00
5.34950000000000e-07;9.94708994708995e-01
5.36425000000000e-07;9.62962962962964e-01
5.37900000000000e-07;9.25925925925927e-01
5.39375000000000e-07;8.94179894179895e-01
5.40850000000000e-07;8.78306878306879e-01
5.42325000000000e-07;8.88888888888890e-01
5.43800000000000e-07;8.88888888888890e-01
5.45275000000000e-07;8.88888888888890e-01
5.46750000000000e-07;8.88888888888890e-01
5.48225000000000e-07;8.88888888888890e-01
5.49700000000000e-07;8.88888888888890e-01
5.51175000000000e-07;8.78306878306879e-01
5.52650000000000e-07;8.94179894179895e-01
5.54125000000000e-07;9.57671957671958e-01
5.55600000000000e-07;9.47089947089948e-01
5.57075000000000e-07;8.94179894179895e-01
5.58550000000000e-07;7.83068783068784e-01
5.60025000000000e-07;6.98412698412699e-01
5.61500000000000e-07;5.34391534391535e-01
5.62975000000000e-07;3.75661375661376e-01
5.64450000000000e-07;1.74603174603175e-01
5.65925000000000e-07;2.64550264550265e-02
5.67400000000000e-07;-8.46560846560847e-02
5.68875000000000e-07;-1.00529100529101e-01
5.70350000000000e-07;7.40740740740741e-02
5.71825000000000e-07;5.92592592592593e-01
5.73300000000000e-07;1.34920634920635e+00
5.74775000000000e-07;2.56084656084656e+00
5.76250000000000e-07;3.68253968253969e+00
5.77725000000000e-07;4.53439153439154e+00
5.79200000000000e-07;5.52910052910053e+00
5.80675000000000e-07;6.48677248677249e+00
5.82150000000000e-07;7.83068783068784e+00
5.83625000000000e-07;8.35449735449736e+00
5.85100000000000e-07;9.37566137566138e+00
5.86575000000000e-07;1.05449735449736e+01
5.88050000000000e-07;1.19259259259259e+01
5.89525000000000e-07;1.24761904761905e+01
5.91000000000000e-07;1.30476190476191e+01
5.92475000000000e-07;1.14126984126984e+01
5.93950000000000e-07;9.42328042328043e+00
5.95425000000000e-07;6.33862433862434e+00
5.96900000000000e-07;3.82010582010582e+00
5.98375000000000e-07;2.11111111111111e+00
5.99850000000000e-07;2.55555555555556e+00
6.01325000000000e-07;3.26455026455027e+00
6.02800000000000e-07;3.94179894179894e+00
6.04275000000000e-07;3.43915343915344e+00
6.05750000000000e-07;2.41269841269841e+00
6.07225000000000e-07;1.00529100529101e+00
6.08700000000000e-07;1.03703703703704e+00
6.10175000000000e-07;4.62433862433863e+00
6.11650000000000e-07;1.18201058201058e+01
6.13125000000000e-07;1.71640211640212e+01
6.14600000000000e-07;3.43386243386244e+01
6.16075000000000e-07;5.61375661375662e+01
6.17550000000000e-07;7.76349206349207e+01
6.19025000000000e-07;9.25079365079366e+01
6.20500000000000e-07;9.22486772486773e+01
6.21975000000000e-07;6.91746031746032e+01
6.23450000000000e-07;4.46296296296297e+01
6.24925000000000e-07;2.10793650793651e+01
6.26400000000000e-07;7.17460317460318e+00
6.27875000000000e-07;2.17460317460318e+00
6.29350000000000e-07;2.55026455026455e+00
6.30825000000000e-07;2.13227513227513e+00
6.32300000000000e-07;1.02116402116402e+00
6.33775000000000e-07;-2.01058201058201e-01
6.35250000000000e-07;1.16402116402116e-01
6.36725000000000e-07;3.49206349206350e-01
6.38200000000000e-07;3.17460317460318e-01
6.39675000000000e-07;1.79894179894180e-01
6.41150000000000e-07;-1.69312169312169e-01
6.42625000000000e-07;1.74603174603175e-01
6.44100000000000e-07;3.06878306878307e-01
6.45575000000000e-07;3.38624338624339e-01
6.47050000000000e-07;2.48677248677249e-01
6.48525000000000e-07;3.12169312169312e-01
6.50000000000000e-07;4.44444444444445e-01
6.51475000000000e-07;9.36507936507937e-01
6.52950000000000e-07;1.04761904761905e+00
6.54425000000000e-07;9.41798941798943e-01
6.55900000000000e-07;7.24867724867725e-01
6.57375000000000e-07;7.24867724867725e-01
6.58850000000000e-07;8.20105820105821e-01
6.60325000000000e-07;7.93650793650794e-01
6.61800000000000e-07;5.23809523809524e-01
6.63275000000000e-07;1.95767195767196e-01
6.64750000000000e-07;4.76190476190476e-02
6.66225000000000e-07;1.11111111111111e-01
6.67700000000000e-07;2.96296296296297e-01
6.69175000000000e-07;4.28571428571429e-01
6.70650000000000e-07;4.44444444444445e-01
6.72125000000000e-07;3.33333333333334e-01
6.73600000000000e-07;2.64550264550265e-01
6.75075000000000e-07;1.64021164021164e-01
6.76550000000000e-07;2.38095238095238e-01
6.78025000000000e-07;3.65079365079366e-01
6.79500000000000e-07;5.71428571428572e-01
6.80975000000000e-07;8.57142857142858e-01
