3.72700000000000e-07;1.03809523809524e+00
3.74175000000000e-07;1.00000000000000e+00
3.75650000000000e-07;9.42857142857143e-01
3.77125000000000e-07;8.66666666666667e-01
3.78600000000000e-07;7.33333333333334e-01
3.80075000000000e-07;5.80952380952381e-01
3.81550000000000e-07;5.80952380952381e-01
3.83025000000000e-07;7.52380952380953e-01
3.84500000000000e-07;8.57142857142858e-01
3.85975000000000e-07;9.14285714285715e-01
3.87450000000000e-07;8.85714285714286e-01
3.88925000000000e-07;8.19047619047620e-01
3.90400000000000e-07;8.28571428571429e-01
3.91875000000000e-07;1.00000000000000e+00
3.93350000000000e-07;9.71428571428572e-01
3.94825000000000e-07;9.80952380952382e-01
3.96300000000000e-07;9.71428571428572e-01
3.97775000000000e-07;1.07619047619048e+00
3.99250000000000e-07;1.15238095238095e+00
4.00725000000000e-07;1.33333333333333e+00
4.02200000000000e-07;1.28571428571429e+00
4.03675000000000e-07;1.32380952380952e+00
4.05150000000000e-07;1.51428571428572e+00
4.06625000000000e-07;1.95238095238095e+00
4.08100000000000e-07;2.21904761904762e+00
4.09575000000000e-07;2.34285714285714e+00
4.11050000000000e-07;2.28571428571429e+00
4.12525000000000e-07;2.04761904761905e+00
4.14000000000000e-07;1.83809523809524e+00
4.15475000000000e-07;1.57142857142857e+00
4.16950000000000e-07;1.39047619047619e+00
4.18425000000000e-07;1.37142857142857e+00
4.19900000000000e-07;1.53333333333333e+00
4.21375000000000e-07;1.72380952380953e+00
4.22850000000000e-07;1.83809523809524e+00
4.24325000000000e-07;1.81904761904762e+00
4.25800000000000e-07;1.97142857142857e+00
4.27275000000000e-07;2.12380952380953e+00
4.28750000000000e-07;2.00952380952381e+00
4.30225000000000e-07;1.70476190476191e+00
4.31700000000000e-07;1.28571428571429e+00
4.33175000000000e-07;1.00000000000000e+00
4.34650000000000e-07;9.23809523809524e-01
4.36125000000000e-07;9.61904761904763e-01
4.37600000000000e-07;9.61904761904763e-01
4.39075000000000e-07;1.21904761904762e+00
4.40550000000000e-07;1.43809523809524e+00
4.42025000000000e-07;1.56190476190476e+00
4.43500000000000e-07;1.60000000000000e+00
4.44975000000000e-07;1.56190476190476e+00
4.46450000000000e-07;1.50476190476191e+00
4.47925000000000e-07;1.74285714285714e+00
4.49400000000000e-07;1.98095238095238e+00
4.50875000000000e-07;2.02857142857143e+00
4.52350000000000e-07;2.08571428571429e+00
4.53825000000000e-07;2.13333333333334e+00
4.55300000000000e-07;2.00000000000000e+00
4.56775000000000e-07;1.87619047619048e+00
4.58250000000000e-07;1.78095238095238e+00
4.59725000000000e-07;1.60000000000000e+00
4.61200000000000e-07;1.56190476190476e+00
4.62675000000000e-07;1.60000000000000e+00
4.64150000000000e-07;1.56190476190476e+00
4.65625000000000e-07;1.60000000000000e+00
4.67100000000000e-07;1.70476190476191e+00
4.68575000000000e-07;1.99047619047619e+00
4.70050000000000e-07;2.22857142857143e+00
4.71525000000000e-07;2.36190476190476e+00
4.73000000000000e-07;2.33333333333333e+00
4.74475000000000e-07;2.29523809523810e+00
4.75950000000000e-07;2.14285714285714e+00
4.77425000000000e-07;2.06666666666667e+00
4.78900000000000e-07;1.93333333333333e+00
4.80375000000000e-07;1.81904761904762e+00
4.81850000000000e-07;1.76190476190476e+00
4.83325000000000e-07;1.78095238095238e+00
4.84800000000000e-07;1.79047619047619e+00
4.86275000000000e-07;1.89523809523810e+00
4.87750000000000e-07;1.99047619047619e+00
4.89225000000000e-07;2.05714285714286e+00
4.90700000000000e-07;2.07619047619048e+00
4.92175000000000e-07;2.02857142857143e+00
4.93650000000000e-07;1.98095238095238e+00
4.95125000000000e-07;2.00000000000000e+00
4.96600000000000e-07;2.00000000000000e+00
4.98075000000000e-07;2.00000000000000e+00
4.99550000000000e-07;2.00000000000000e+00
5.01025000000000e-07;2.00000000000000e+00
5.02500000000000e-07;2.00000000000000e+00
5.03975000000000e-07;2.00000000000000e+00
5.05450000000000e-07;2.00000000000000e+00
5.06925000000000e-07;2.00000000000000e+00
5.08400000000000e-07;2.00000000000000e+00
5.09875000000000e-07;2.00000000000000e+00
5.11350000000000e-07;2.00000000000000e+00
5.12825000000000e-07;2.00000000000000e+00
5.14300000000000e-07;2.00000000000000e+00
5.15775000000000e-07;2.00000000000000e+00
5.17250000000000e-07;2.00000000000000e+00
5.18725000000000e-07;2.00000000000000e+00
5.20200000000000e-07;2.00000000000000e+00
5.21675000000000e-07;2.00000000000000e+00
5.23150000000000e-07;2.00000000000000e+00
5.24625000000000e-07;2.00000000000000e+00
5.26100000000000e-07;2.00000000000000e+00
5.27575000000000e-07;2.00000000000000e+00
5.29050000000000e-07;2.00000000000000e+00
5.30525000000000e-07;2.00000000000000e+00
5.32000000000000e-07;2.00000000000000e+00
5.33475000000000e-07;1.94285714285714e+00
5.34950000000000e-07;2.08571428571429e+00
5.36425000000000e-07;2.15238095238095e+00
5.37900000000000e-07;2.15238095238095e+00
5.39375000000000e-07;2.22857142857143e+00
5.40850000000000e-07;2.41904761904762e+00
5.42325000000000e-07;2.65714285714286e+00
5.43800000000000e-07;3.13333333333334e+00
5.45275000000000e-07;3.38095238095238e+00
5.46750000000000e-07;3.55238095238095e+00
5.48225000000000e-07;3.79047619047619e+00
5.49700000000000e-07;4.17142857142857e+00
5.51175000000000e-07;4.57142857142857e+00
5.52650000000000e-07;4.86666666666667e+00
5.54125000000000e-07;4.94285714285715e+00
5.55600000000000e-07;5.21904761904762e+00
5.57075000000000e-07;5.54285714285715e+00
5.58550000000000e-07;5.98095238095239e+00
5.60025000000000e-07;6.60000000000001e+00
5.61500000000000e-07;7.19047619047620e+00
5.62975000000000e-07;7.72380952380953e+00
5.64450000000000e-07;8.51428571428572e+00
5.65925000000000e-07;9.04761904761905e+00
5.67400000000000e-07;9.55238095238096e+00
5.68875000000000e-07;9.86666666666667e+00
5.70350000000000e-07;1.05047619047619e+01
5.71825000000000e-07;1.14476190476191e+01
5.73300000000000e-07;1.39142857142857e+01
5.74775000000000e-07;1.85333333333333e+01
5.76250000000000e-07;2.60761904761905e+01
5.77725000000000e-07;3.68000000000000e+01
5.79200000000000e-07;5.14476190476191e+01
5.80675000000000e-07;6.96761904761905e+01
5.82150000000000e-07;9.10571428571429e+01
5.83625000000000e-07;1.12276190476191e+02
5.85100000000000e-07;1.37266666666667e+02
5.86575000000000e-07;1.65142857142857e+02
5.88050000000000e-07;1.91942857142857e+02
5.89525000000000e-07;2.17200000000000e+02
5.91000000000000e-07;2.35723809523810e+02
5.92475000000000e-07;2.45104761904762e+02
5.93950000000000e-07;2.47990476190476e+02
5.95425000000000e-07;2.46428571428572e+02
5.96900000000000e-07;2.42638095238095e+02
5.98375000000000e-07;2.42866666666667e+02
5.99850000000000e-07;2.46028571428572e+02
6.01325000000000e-07;2.51390476190476e+02
6.02800000000000e-07;2.53457142857143e+02
6.04275000000000e-07;2.53609523809524e+02
6.05750000000000e-07;2.52885714285714e+02
6.07225000000000e-07;2.53190476190476e+02
6.08700000000000e-07;2.54828571428572e+02
6.10175000000000e-07;2.55076190476191e+02
6.11650000000000e-07;2.53142857142857e+02
6.13125000000000e-07;2.51238095238095e+02
6.14600000000000e-07;2.50742857142857e+02
6.16075000000000e-07;2.51619047619048e+02
6.17550000000000e-07;2.53847619047619e+02
6.19025000000000e-07;2.54685714285714e+02
6.20500000000000e-07;2.54733333333333e+02
6.21975000000000e-07;2.54352380952381e+02
6.23450000000000e-07;2.55552380952381e+02
6.24925000000000e-07;2.55819047619048e+02
6.26400000000000e-07;2.50400000000000e+02
6.27875000000000e-07;2.41419047619048e+02
6.29350000000000e-07;2.33333333333334e+02
6.30825000000000e-07;2.33419047619048e+02
6.32300000000000e-07;2.41400000000000e+02
6.33775000000000e-07;2.48866666666667e+02
6.35250000000000e-07;2.43571428571429e+02
6.36725000000000e-07;2.23466666666667e+02
6.38200000000000e-07;1.94323809523810e+02
6.39675000000000e-07;1.63057142857143e+02
6.41150000000000e-07;1.34361904761905e+02
6.42625000000000e-07;1.09714285714286e+02
6.44100000000000e-07;9.04380952380953e+01
6.45575000000000e-07;7.49428571428572e+01
6.47050000000000e-07;6.46761904761905e+01
6.48525000000000e-07;5.40857142857143e+01
6.50000000000000e-07;4.38952380952381e+01
6.51475000000000e-07;3.30285714285715e+01
6.52950000000000e-07;2.45428571428572e+01
6.54425000000000e-07;1.78190476190476e+01
6.55900000000000e-07;1.39619047619048e+01
6.57375000000000e-07;1.12666666666667e+01
6.58850000000000e-07;1.00857142857143e+01
6.60325000000000e-07;9.06666666666667e+00
6.61800000000000e-07;8.15238095238096e+00
6.63275000000000e-07;7.21904761904762e+00
6.64750000000000e-07;6.55238095238096e+00
6.66225000000000e-07;5.86666666666667e+00
6.67700000000000e-07;5.47619047619048e+00
6.69175000000000e-07;5.20000000000000e+00
6.70650000000000e-07;5.02857142857143e+00
6.72125000000000e-07;4.77142857142857e+00
6.73600000000000e-07;4.33333333333334e+00
6.75075000000000e-07;4.10476190476191e+00
6.76550000000000e-07;3.87619047619048e+00
6.78025000000000e-07;3.41428571428572e+00
6.79500000000000e-07;2.84285714285715e+00
6.80975000000000e-07;2.16190476190476e+00
