3.72700000000000e-07;1.00000000000000e+00
3.74175000000000e-07;1.00000000000000e+00
3.75650000000000e-07;1.00000000000000e+00
3.77125000000000e-07;1.00000000000000e+00
3.78600000000000e-07;1.00000000000000e+00
3.80075000000000e-07;1.00000000000000e+00
3.81550000000000e-07;1.00000000000000e+00
3.83025000000000e-07;1.00000000000000e+00
3.84500000000000e-07;1.00000000000000e+00
3.85975000000000e-07;1.00000000000000e+00
3.87450000000000e-07;1.00000000000000e+00
3.88925000000000e-07;1.00000000000000e+00
3.90400000000000e-07;1.00000000000000e+00
3.91875000000000e-07;1.00000000000000e+00
3.93350000000000e-07;1.00000000000000e+00
3.94825000000000e-07;1.00000000000000e+00
3.96300000000000e-07;1.00000000000000e+00
3.97775000000000e-07;1.00000000000000e+00
3.99250000000000e-07;1.00000000000000e+00
4.00725000000000e-07;1.00000000000000e+00
4.02200000000000e-07;1.00000000000000e+00
4.03675000000000e-07;1.00000000000000e+00
4.05150000000000e-07;1.00000000000000e+00
4.06625000000000e-07;1.00000000000000e+00
4.08100000000000e-07;1.00000000000000e+00
4.09575000000000e-07;1.00000000000000e+00
4.11050000000000e-07;1.00000000000000e+00
4.12525000000000e-07;1.00000000000000e+00
4.14000000000000e-07;1.00000000000000e+00
4.15475000000000e-07;1.00000000000000e+00
4.16950000000000e-07;1.00000000000000e+00
4.18425000000000e-07;1.00000000000000e+00
4.19900000000000e-07;1.00000000000000e+00
4.21375000000000e-07;1.00000000000000e+00
4.22850000000000e-07;1.00000000000000e+00
4.24325000000000e-07;1.00000000000000e+00
4.25800000000000e-07;1.00000000000000e+00
4.27275000000000e-07;1.00000000000000e+00
4.28750000000000e-07;1.00000000000000e+00
4.30225000000000e-07;1.00000000000000e+00
4.31700000000000e-07;1.00000000000000e+00
4.33175000000000e-07;1.00000000000000e+00
4.34650000000000e-07;1.00000000000000e+00
4.36125000000000e-07;1.00000000000000e+00
4.37600000000000e-07;1.00000000000000e+00
4.39075000000000e-07;1.00000000000000e+00
4.40550000000000e-07;1.00000000000000e+00
4.42025000000000e-07;1.00000000000000e+00
4.43500000000000e-07;1.00000000000000e+00
4.44975000000000e-07;1.00000000000000e+00
4.46450000000000e-07;1.00000000000000e+00
4.47925000000000e-07;1.00000000000000e+00
4.49400000000000e-07;1.00000000000000e+00
4.50875000000000e-07;1.00000000000000e+00
4.52350000000000e-07;1.00000000000000e+00
4.53825000000000e-07;1.00000000000000e+00
4.55300000000000e-07;1.00000000000000e+00
4.56775000000000e-07;1.00000000000000e+00
4.58250000000000e-07;1.00000000000000e+00
4.59725000000000e-07;1.00000000000000e+00
4.61200000000000e-07;1.00000000000000e+00
4.62675000000000e-07;1.00000000000000e+00
4.64150000000000e-07;1.00000000000000e+00
4.65625000000000e-07;1.00000000000000e+00
4.67100000000000e-07;1.00000000000000e+00
4.68575000000000e-07;1.01058201058201e+00
4.70050000000000e-07;9.94708994708996e-01
4.71525000000000e-07;9.62962962962964e-01
4.73000000000000e-07;9.25925925925927e-01
4.74475000000000e-07;8.83597883597884e-01
4.75950000000000e-07;8.83597883597884e-01
4.77425000000000e-07;9.25925925925927e-01
4.78900000000000e-07;9.62962962962964e-01
4.80375000000000e-07;9.94708994708996e-01
4.81850000000000e-07;1.01058201058201e+00
4.83325000000000e-07;1.00000000000000e+00
4.84800000000000e-07;1.00000000000000e+00
4.86275000000000e-07;1.00000000000000e+00
4.87750000000000e-07;1.00000000000000e+00
4.89225000000000e-07;1.00000000000000e+00
4.90700000000000e-07;1.00000000000000e+00
4.92175000000000e-07;1.00000000000000e+00
4.93650000000000e-07;1.00000000000000e+00
4.95125000000000e-07;1.00000000000000e+00
4.96600000000000e-07;1.00000000000000e+00
4.98075000000000e-07;1.00000000000000e+00
4.99550000000000e-07;1.00000000000000e+00
5.01025000000000e-07;1.00000000000000e+00
5.02500000000000e-07;1.00000000000000e+00
5.03975000000000e-07;1.00000000000000e+00
5.05450000000000e-07;1.00000000000000e+00
5.06925000000000e-07;1.00000000000000e+00
5.08400000000000e-07;1.00000000000000e+00
5.09875000000000e-07;1.00000000000000e+00
5.11350000000000e-07;1.00000000000000e+00
5.12825000000000e-07;1.00000000000000e+00
5.14300000000000e-07;1.00000000000000e+00
5.15775000000000e-07;1.00000000000000e+00
5.17250000000000e-07;1.00000000000000e+00
5.18725000000000e-07;1.00000000000000e+00
5.20200000000000e-07;1.00000000000000e+00
5.21675000000000e-07;1.00000000000000e+00
5.23150000000000e-07;1.00000000000000e+00
5.24625000000000e-07;1.00000000000000e+00
5.26100000000000e-07;1.00000000000000e+00
5.27575000000000e-07;1.00000000000000e+00
5.29050000000000e-07;1.00000000000000e+00
5.30525000000000e-07;1.00000000000000e+00
5.32000000000000e-07;1.00000000000000e+00
5.33475000000000e-07;1.01058201058201e+00
5.34950000000000e-07;9.94708994708995e-01
5.36425000000000e-07;9.62962962962964e-01
5.37900000000000e-07;9.25925925925927e-01
5.39375000000000e-07;8.94179894179895e-01
5.40850000000000e-07;8.78306878306879e-01
5.42325000000000e-07;8.88888888888890e-01
5.43800000000000e-07;8.88888888888890e-01
5.45275000000000e-07;8.88888888888890e-01
5.46750000000000e-07;8.88888888888890e-01
5.48225000000000e-07;8.88888888888890e-01
5.49700000000000e-07;8.88888888888890e-01
5.51175000000000e-07;8.78306878306879e-01
5.52650000000000e-07;8.94179894179895e-01
5.54125000000000e-07;8.73015873015874e-01
5.55600000000000e-07;9.47089947089948e-01
5.57075000000000e-07;1.25396825396826e+00
5.58550000000000e-07;1.50264550264550e+00
5.60025000000000e-07;1.58730158730159e+00
5.61500000000000e-07;1.63492063492064e+00
5.62975000000000e-07;1.76719576719577e+00
5.64450000000000e-07;1.88359788359788e+00
5.65925000000000e-07;2.18518518518519e+00
5.67400000000000e-07;2.52380952380953e+00
5.68875000000000e-07;2.41798941798942e+00
5.70350000000000e-07;2.53439153439154e+00
5.71825000000000e-07;2.66137566137566e+00
5.73300000000000e-07;2.96825396825397e+00
5.74775000000000e-07;3.61904761904762e+00
5.76250000000000e-07;5.53439153439154e+00
5.77725000000000e-07;8.48677248677249e+00
5.79200000000000e-07;1.41111111111111e+01
5.80675000000000e-07;2.23121693121693e+01
5.82150000000000e-07;3.32751322751323e+01
5.83625000000000e-07;4.46137566137566e+01
5.85100000000000e-07;5.99735449735450e+01
5.86575000000000e-07;7.91164021164022e+01
5.88050000000000e-07;1.00449735449736e+02
5.89525000000000e-07;1.22804232804233e+02
5.91000000000000e-07;1.42132275132275e+02
5.92475000000000e-07;1.57095238095238e+02
5.93950000000000e-07;1.71465608465609e+02
5.95425000000000e-07;1.86772486772487e+02
5.96900000000000e-07;2.00079365079365e+02
5.98375000000000e-07;2.12825396825397e+02
5.99850000000000e-07;2.22851851851852e+02
6.01325000000000e-07;2.32523809523810e+02
6.02800000000000e-07;2.40857142857143e+02
6.04275000000000e-07;2.48957671957672e+02
6.05750000000000e-07;2.52693121693122e+02
6.07225000000000e-07;2.52597883597884e+02
6.08700000000000e-07;2.49825396825397e+02
6.10175000000000e-07;2.47455026455027e+02
6.11650000000000e-07;2.46259259259259e+02
6.13125000000000e-07;2.45751322751323e+02
6.14600000000000e-07;2.47470899470900e+02
6.16075000000000e-07;2.49613756613757e+02
6.17550000000000e-07;2.52190476190476e+02
6.19025000000000e-07;2.54529100529101e+02
6.20500000000000e-07;2.55285714285714e+02
6.21975000000000e-07;2.50798941798942e+02
6.23450000000000e-07;2.45650793650794e+02
6.24925000000000e-07;2.44063492063492e+02
6.26400000000000e-07;2.46671957671958e+02
6.27875000000000e-07;2.52148148148148e+02
6.29350000000000e-07;2.51222222222222e+02
6.30825000000000e-07;2.38502645502646e+02
6.32300000000000e-07;2.15164021164021e+02
6.33775000000000e-07;1.85100529100529e+02
6.35250000000000e-07;1.53698412698413e+02
6.36725000000000e-07;1.24153439153439e+02
6.38200000000000e-07;9.76455026455027e+01
6.39675000000000e-07;7.51693121693122e+01
6.41150000000000e-07;5.73703703703704e+01
6.42625000000000e-07;4.09682539682540e+01
6.44100000000000e-07;2.88148148148148e+01
6.45575000000000e-07;1.92486772486773e+01
6.47050000000000e-07;1.46560846560847e+01
6.48525000000000e-07;1.20476190476191e+01
6.50000000000000e-07;1.04391534391534e+01
6.51475000000000e-07;7.87830687830688e+00
6.52950000000000e-07;5.73015873015873e+00
6.54425000000000e-07;3.84656084656085e+00
6.55900000000000e-07;2.55026455026455e+00
6.57375000000000e-07;1.72486772486773e+00
6.58850000000000e-07;1.60317460317460e+00
6.60325000000000e-07;1.88888888888889e+00
6.61800000000000e-07;2.31216931216931e+00
6.63275000000000e-07;2.63492063492064e+00
6.64750000000000e-07;2.70899470899471e+00
6.66225000000000e-07;2.34920634920635e+00
6.67700000000000e-07;1.73544973544974e+00
6.69175000000000e-07;1.25925925925926e+00
6.70650000000000e-07;9.25925925925927e-01
6.72125000000000e-07;8.46560846560847e-01
6.73600000000000e-07;7.30158730158731e-01
6.75075000000000e-07;4.60317460317461e-01
6.76550000000000e-07;3.59788359788360e-01
6.78025000000000e-07;3.96825396825397e-01
6.79500000000000e-07;5.55555555555556e-01
6.80975000000000e-07;8.35978835978837e-01
