3.72700000000000e-07;1.00000000000000e+00
3.74175000000000e-07;1.00000000000000e+00
3.75650000000000e-07;1.00000000000000e+00
3.77125000000000e-07;1.00000000000000e+00
3.78600000000000e-07;1.00000000000000e+00
3.80075000000000e-07;1.02380952380952e+00
3.81550000000000e-07;9.88095238095239e-01
3.83025000000000e-07;8.92857142857143e-01
3.84500000000000e-07;8.45238095238096e-01
3.85975000000000e-07;8.45238095238096e-01
3.87450000000000e-07;8.92857142857143e-01
3.88925000000000e-07;1.01190476190476e+00
3.90400000000000e-07;1.01190476190476e+00
3.91875000000000e-07;8.92857142857143e-01
3.93350000000000e-07;8.45238095238096e-01
3.94825000000000e-07;8.45238095238096e-01
3.96300000000000e-07;8.92857142857143e-01
3.97775000000000e-07;9.88095238095239e-01
3.99250000000000e-07;1.02380952380952e+00
4.00725000000000e-07;1.00000000000000e+00
4.02200000000000e-07;1.00000000000000e+00
4.03675000000000e-07;1.00000000000000e+00
4.05150000000000e-07;1.00000000000000e+00
4.06625000000000e-07;1.00000000000000e+00
4.08100000000000e-07;1.00000000000000e+00
4.09575000000000e-07;1.00000000000000e+00
4.11050000000000e-07;1.00000000000000e+00
4.12525000000000e-07;1.00000000000000e+00
4.14000000000000e-07;1.00000000000000e+00
4.15475000000000e-07;1.00000000000000e+00
4.16950000000000e-07;1.00000000000000e+00
4.18425000000000e-07;1.00000000000000e+00
4.19900000000000e-07;1.00000000000000e+00
4.21375000000000e-07;1.00000000000000e+00
4.22850000000000e-07;1.00000000000000e+00
4.24325000000000e-07;1.00000000000000e+00
4.25800000000000e-07;1.00000000000000e+00
4.27275000000000e-07;1.02380952380952e+00
4.28750000000000e-07;9.88095238095239e-01
4.30225000000000e-07;9.16666666666667e-01
4.31700000000000e-07;8.33333333333334e-01
4.33175000000000e-07;7.61904761904763e-01
4.34650000000000e-07;7.26190476190477e-01
4.36125000000000e-07;7.50000000000000e-01
4.37600000000000e-07;7.50000000000000e-01
4.39075000000000e-07;7.26190476190477e-01
4.40550000000000e-07;7.61904761904763e-01
4.42025000000000e-07;8.33333333333334e-01
4.43500000000000e-07;9.16666666666667e-01
4.44975000000000e-07;9.88095238095239e-01
4.46450000000000e-07;1.02380952380952e+00
4.47925000000000e-07;1.00000000000000e+00
4.49400000000000e-07;1.00000000000000e+00
4.50875000000000e-07;1.00000000000000e+00
4.52350000000000e-07;1.00000000000000e+00
4.53825000000000e-07;1.00000000000000e+00
4.55300000000000e-07;1.00000000000000e+00
4.56775000000000e-07;1.00000000000000e+00
4.58250000000000e-07;1.00000000000000e+00
4.59725000000000e-07;1.00000000000000e+00
4.61200000000000e-07;1.00000000000000e+00
4.62675000000000e-07;1.00000000000000e+00
4.64150000000000e-07;1.00000000000000e+00
4.65625000000000e-07;1.00000000000000e+00
4.67100000000000e-07;1.00000000000000e+00
4.68575000000000e-07;1.00000000000000e+00
4.70050000000000e-07;1.00000000000000e+00
4.71525000000000e-07;1.00000000000000e+00
4.73000000000000e-07;1.00000000000000e+00
4.74475000000000e-07;1.00000000000000e+00
4.75950000000000e-07;1.00000000000000e+00
4.77425000000000e-07;1.00000000000000e+00
4.78900000000000e-07;1.00000000000000e+00
4.80375000000000e-07;1.00000000000000e+00
4.81850000000000e-07;1.00000000000000e+00
4.83325000000000e-07;1.00000000000000e+00
4.84800000000000e-07;1.00000000000000e+00
4.86275000000000e-07;1.00000000000000e+00
4.87750000000000e-07;1.00000000000000e+00
4.89225000000000e-07;1.00000000000000e+00
4.90700000000000e-07;1.00000000000000e+00
4.92175000000000e-07;1.00000000000000e+00
4.93650000000000e-07;1.00000000000000e+00
4.95125000000000e-07;1.00000000000000e+00
4.96600000000000e-07;1.00000000000000e+00
4.98075000000000e-07;1.00000000000000e+00
4.99550000000000e-07;1.00000000000000e+00
5.01025000000000e-07;1.00000000000000e+00
5.02500000000000e-07;1.00000000000000e+00
5.03975000000000e-07;1.00000000000000e+00
5.05450000000000e-07;1.00000000000000e+00
5.06925000000000e-07;1.00000000000000e+00
5.08400000000000e-07;1.00000000000000e+00
5.09875000000000e-07;1.00000000000000e+00
5.11350000000000e-07;1.00000000000000e+00
5.12825000000000e-07;1.00000000000000e+00
5.14300000000000e-07;1.00000000000000e+00
5.15775000000000e-07;1.00000000000000e+00
5.17250000000000e-07;1.00000000000000e+00
5.18725000000000e-07;1.00000000000000e+00
5.20200000000000e-07;1.00000000000000e+00
5.21675000000000e-07;1.00000000000000e+00
5.23150000000000e-07;1.00000000000000e+00
5.24625000000000e-07;1.00000000000000e+00
5.26100000000000e-07;1.00000000000000e+00
5.27575000000000e-07;1.00000000000000e+00
5.29050000000000e-07;1.00000000000000e+00
5.30525000000000e-07;1.00000000000000e+00
5.32000000000000e-07;1.00000000000000e+00
5.33475000000000e-07;1.02380952380952e+00
5.34950000000000e-07;9.88095238095239e-01
5.36425000000000e-07;9.16666666666667e-01
5.37900000000000e-07;8.33333333333334e-01
5.39375000000000e-07;7.61904761904763e-01
5.40850000000000e-07;7.26190476190477e-01
5.42325000000000e-07;7.50000000000000e-01
5.43800000000000e-07;7.50000000000000e-01
5.45275000000000e-07;7.26190476190477e-01
5.46750000000000e-07;7.61904761904763e-01
5.48225000000000e-07;8.33333333333334e-01
5.49700000000000e-07;9.40476190476191e-01
5.51175000000000e-07;9.52380952380953e-01
5.52650000000000e-07;9.52380952380953e-01
5.54125000000000e-07;8.21428571428572e-01
5.55600000000000e-07;9.04761904761905e-01
5.57075000000000e-07;1.45238095238095e+00
5.58550000000000e-07;1.88095238095238e+00
5.60025000000000e-07;1.98809523809524e+00
5.61500000000000e-07;1.95238095238095e+00
5.62975000000000e-07;1.84523809523810e+00
5.64450000000000e-07;1.84523809523810e+00
5.65925000000000e-07;2.23809523809524e+00
5.67400000000000e-07;2.46428571428572e+00
5.68875000000000e-07;2.46428571428572e+00
5.70350000000000e-07;2.19047619047619e+00
5.71825000000000e-07;2.00000000000000e+00
5.73300000000000e-07;2.79761904761905e+00
5.74775000000000e-07;4.72619047619048e+00
5.76250000000000e-07;8.05952380952381e+00
5.77725000000000e-07;1.27619047619048e+01
5.79200000000000e-07;1.95000000000000e+01
5.80675000000000e-07;2.81666666666667e+01
5.82150000000000e-07;3.90357142857143e+01
5.83625000000000e-07;5.00833333333334e+01
5.85100000000000e-07;6.62023809523810e+01
5.86575000000000e-07;8.74523809523810e+01
5.88050000000000e-07;1.11678571428572e+02
5.89525000000000e-07;1.36345238095238e+02
5.91000000000000e-07;1.55809523809524e+02
5.92475000000000e-07;1.68773809523810e+02
5.93950000000000e-07;1.82071428571429e+02
5.95425000000000e-07;1.98404761904762e+02
5.96900000000000e-07;2.13583333333333e+02
5.98375000000000e-07;2.27583333333334e+02
5.99850000000000e-07;2.37261904761905e+02
6.01325000000000e-07;2.43857142857143e+02
6.02800000000000e-07;2.48238095238095e+02
6.04275000000000e-07;2.52785714285714e+02
6.05750000000000e-07;2.52500000000000e+02
6.07225000000000e-07;2.49952380952381e+02
6.08700000000000e-07;2.48428571428572e+02
6.10175000000000e-07;2.48345238095238e+02
6.11650000000000e-07;2.49857142857143e+02
6.13125000000000e-07;2.51726190476191e+02
6.14600000000000e-07;2.52535714285714e+02
6.16075000000000e-07;2.52928571428572e+02
6.17550000000000e-07;2.53797619047619e+02
6.19025000000000e-07;2.54571428571429e+02
6.20500000000000e-07;2.56142857142857e+02
6.21975000000000e-07;2.54107142857143e+02
6.23450000000000e-07;2.48047619047619e+02
6.24925000000000e-07;2.44892857142857e+02
6.26400000000000e-07;2.45000000000000e+02
6.27875000000000e-07;2.50047619047619e+02
6.29350000000000e-07;2.53726190476191e+02
6.30825000000000e-07;2.46535714285714e+02
6.32300000000000e-07;2.25380952380953e+02
6.33775000000000e-07;1.96916666666667e+02
6.35250000000000e-07;1.65559523809524e+02
6.36725000000000e-07;1.35142857142857e+02
6.38200000000000e-07;1.08738095238095e+02
6.39675000000000e-07;8.60952380952381e+01
6.41150000000000e-07;6.68690476190477e+01
6.42625000000000e-07;4.95595238095238e+01
6.44100000000000e-07;3.61547619047619e+01
6.45575000000000e-07;2.46547619047619e+01
6.47050000000000e-07;1.81904761904762e+01
6.48525000000000e-07;1.45357142857143e+01
6.50000000000000e-07;1.20476190476191e+01
6.51475000000000e-07;8.86904761904762e+00
6.52950000000000e-07;6.23809523809524e+00
6.54425000000000e-07;4.46428571428572e+00
6.55900000000000e-07;3.65476190476191e+00
6.57375000000000e-07;3.30952380952381e+00
6.58850000000000e-07;3.50000000000000e+00
6.60325000000000e-07;3.26190476190476e+00
6.61800000000000e-07;2.79761904761905e+00
6.63275000000000e-07;2.19047619047619e+00
6.64750000000000e-07;1.79761904761905e+00
6.66225000000000e-07;1.72619047619048e+00
6.67700000000000e-07;1.63095238095238e+00
6.69175000000000e-07;1.67857142857143e+00
6.70650000000000e-07;1.71428571428572e+00
6.72125000000000e-07;1.55952380952381e+00
6.73600000000000e-07;1.30952380952381e+00
6.75075000000000e-07;1.11904761904762e+00
6.76550000000000e-07;8.45238095238096e-01
6.78025000000000e-07;7.85714285714287e-01
6.79500000000000e-07;8.57142857142859e-01
6.80975000000000e-07;1.05952380952381e+00
