3.72700000000000e-07;1.00000000000000e+00
3.74175000000000e-07;1.00000000000000e+00
3.75650000000000e-07;1.00000000000000e+00
3.77125000000000e-07;1.00000000000000e+00
3.78600000000000e-07;1.00000000000000e+00
3.80075000000000e-07;1.00000000000000e+00
3.81550000000000e-07;1.00000000000000e+00
3.83025000000000e-07;1.00000000000000e+00
3.84500000000000e-07;1.00000000000000e+00
3.85975000000000e-07;1.00000000000000e+00
3.87450000000000e-07;1.00000000000000e+00
3.88925000000000e-07;1.00000000000000e+00
3.90400000000000e-07;1.00000000000000e+00
3.91875000000000e-07;1.00000000000000e+00
3.93350000000000e-07;1.00000000000000e+00
3.94825000000000e-07;1.00000000000000e+00
3.96300000000000e-07;1.00000000000000e+00
3.97775000000000e-07;1.00000000000000e+00
3.99250000000000e-07;1.00000000000000e+00
4.00725000000000e-07;1.00000000000000e+00
4.02200000000000e-07;1.00000000000000e+00
4.03675000000000e-07;1.00000000000000e+00
4.05150000000000e-07;1.00000000000000e+00
4.06625000000000e-07;1.00000000000000e+00
4.08100000000000e-07;1.00000000000000e+00
4.09575000000000e-07;1.00000000000000e+00
4.11050000000000e-07;1.00000000000000e+00
4.12525000000000e-07;1.00000000000000e+00
4.14000000000000e-07;1.00000000000000e+00
4.15475000000000e-07;9.78835978835980e-01
4.16950000000000e-07;1.01058201058201e+00
4.18425000000000e-07;1.09523809523810e+00
4.19900000000000e-07;1.13756613756614e+00
4.21375000000000e-07;1.13756613756614e+00
4.22850000000000e-07;1.09523809523810e+00
4.24325000000000e-07;1.01058201058201e+00
4.25800000000000e-07;9.78835978835980e-01
4.27275000000000e-07;1.00000000000000e+00
4.28750000000000e-07;1.00000000000000e+00
4.30225000000000e-07;1.00000000000000e+00
4.31700000000000e-07;1.00000000000000e+00
4.33175000000000e-07;1.00000000000000e+00
4.34650000000000e-07;1.00000000000000e+00
4.36125000000000e-07;1.00000000000000e+00
4.37600000000000e-07;1.00000000000000e+00
4.39075000000000e-07;1.00000000000000e+00
4.40550000000000e-07;1.00000000000000e+00
4.42025000000000e-07;1.00000000000000e+00
4.43500000000000e-07;1.00000000000000e+00
4.44975000000000e-07;1.00000000000000e+00
4.46450000000000e-07;1.00000000000000e+00
4.47925000000000e-07;1.00000000000000e+00
4.49400000000000e-07;1.00000000000000e+00
4.50875000000000e-07;1.00000000000000e+00
4.52350000000000e-07;1.00000000000000e+00
4.53825000000000e-07;1.00000000000000e+00
4.55300000000000e-07;1.00000000000000e+00
4.56775000000000e-07;1.00000000000000e+00
4.58250000000000e-07;1.00000000000000e+00
4.59725000000000e-07;1.00000000000000e+00
4.61200000000000e-07;1.00000000000000e+00
4.62675000000000e-07;1.00000000000000e+00
4.64150000000000e-07;1.00000000000000e+00
4.65625000000000e-07;9.78835978835980e-01
4.67100000000000e-07;9.89417989417990e-01
4.68575000000000e-07;1.10582010582011e+00
4.70050000000000e-07;1.19047619047619e+00
4.71525000000000e-07;1.29629629629630e+00
4.73000000000000e-07;1.40211640211640e+00
4.74475000000000e-07;1.41269841269841e+00
4.75950000000000e-07;1.32804232804233e+00
4.77425000000000e-07;1.24338624338624e+00
4.78900000000000e-07;1.08465608465609e+00
4.80375000000000e-07;9.68253968253969e-01
4.81850000000000e-07;9.68253968253969e-01
4.83325000000000e-07;1.08465608465609e+00
4.84800000000000e-07;1.22222222222222e+00
4.86275000000000e-07;1.35978835978836e+00
4.87750000000000e-07;1.45502645502646e+00
4.89225000000000e-07;1.45502645502646e+00
4.90700000000000e-07;1.46031746031746e+00
4.92175000000000e-07;1.50793650793651e+00
4.93650000000000e-07;1.46560846560847e+00
4.95125000000000e-07;1.36507936507937e+00
4.96600000000000e-07;1.23809523809524e+00
4.98075000000000e-07;1.11640211640212e+00
4.99550000000000e-07;1.07936507936508e+00
5.01025000000000e-07;1.11111111111111e+00
5.02500000000000e-07;1.11111111111111e+00
5.03975000000000e-07;1.11111111111111e+00
5.05450000000000e-07;1.11111111111111e+00
5.06925000000000e-07;1.11111111111111e+00
5.08400000000000e-07;1.10052910052910e+00
5.09875000000000e-07;1.11640211640212e+00
5.11350000000000e-07;1.15873015873016e+00
5.12825000000000e-07;1.19047619047619e+00
5.14300000000000e-07;1.17460317460318e+00
5.15775000000000e-07;1.12169312169312e+00
5.17250000000000e-07;1.04232804232804e+00
5.18725000000000e-07;9.94708994708996e-01
5.20200000000000e-07;9.89417989417990e-01
5.21675000000000e-07;9.78835978835980e-01
5.23150000000000e-07;9.89417989417990e-01
5.24625000000000e-07;1.10582010582011e+00
5.26100000000000e-07;1.19047619047619e+00
5.27575000000000e-07;1.29629629629630e+00
5.29050000000000e-07;1.40211640211640e+00
5.30525000000000e-07;1.41269841269841e+00
5.32000000000000e-07;1.32804232804233e+00
5.33475000000000e-07;1.24338624338624e+00
5.34950000000000e-07;1.08465608465609e+00
5.36425000000000e-07;9.78835978835980e-01
5.37900000000000e-07;9.73544973544974e-01
5.39375000000000e-07;1.05291005291005e+00
5.40850000000000e-07;1.09523809523810e+00
5.42325000000000e-07;1.14814814814815e+00
5.43800000000000e-07;1.20105820105820e+00
5.45275000000000e-07;1.16402116402116e+00
5.46750000000000e-07;1.16402116402116e+00
5.48225000000000e-07;1.30158730158730e+00
5.49700000000000e-07;1.38095238095238e+00
5.51175000000000e-07;1.50264550264550e+00
5.52650000000000e-07;1.63492063492064e+00
5.54125000000000e-07;1.60317460317460e+00
5.55600000000000e-07;1.57671957671958e+00
5.57075000000000e-07;1.56084656084656e+00
5.58550000000000e-07;1.47619047619048e+00
5.60025000000000e-07;1.48148148148148e+00
5.61500000000000e-07;1.59788359788360e+00
5.62975000000000e-07;1.79365079365079e+00
5.64450000000000e-07;1.95767195767196e+00
5.65925000000000e-07;2.07936507936508e+00
5.67400000000000e-07;2.23809523809524e+00
5.68875000000000e-07;2.31216931216931e+00
5.70350000000000e-07;2.33333333333333e+00
5.71825000000000e-07;2.28042328042328e+00
5.73300000000000e-07;2.20105820105820e+00
5.74775000000000e-07;2.44444444444445e+00
5.76250000000000e-07;3.03703703703704e+00
5.77725000000000e-07;3.87830687830688e+00
5.79200000000000e-07;4.68783068783069e+00
5.80675000000000e-07;4.84126984126985e+00
5.82150000000000e-07;4.64550264550265e+00
5.83625000000000e-07;4.41798941798942e+00
5.85100000000000e-07;4.71428571428572e+00
5.86575000000000e-07;6.19047619047619e+00
5.88050000000000e-07;9.04232804232805e+00
5.89525000000000e-07;1.26825396825397e+01
5.91000000000000e-07;1.65291005291005e+01
5.92475000000000e-07;2.03968253968254e+01
5.93950000000000e-07;2.59206349206349e+01
5.95425000000000e-07;3.35026455026455e+01
5.96900000000000e-07;4.20899470899471e+01
5.98375000000000e-07;5.07619047619048e+01
5.99850000000000e-07;5.82962962962963e+01
6.01325000000000e-07;6.57936507936508e+01
6.02800000000000e-07;7.51693121693122e+01
6.04275000000000e-07;8.70740740740741e+01
6.05750000000000e-07;1.00428571428572e+02
6.07225000000000e-07;1.14915343915344e+02
6.08700000000000e-07;1.28619047619048e+02
6.10175000000000e-07;1.42301587301587e+02
6.11650000000000e-07;1.54015873015873e+02
6.13125000000000e-07;1.63126984126984e+02
6.14600000000000e-07;1.75243386243386e+02
6.16075000000000e-07;1.89243386243386e+02
6.17550000000000e-07;1.98042328042328e+02
6.19025000000000e-07;1.99878306878307e+02
6.20500000000000e-07;1.92354497354498e+02
6.21975000000000e-07;1.75481481481482e+02
6.23450000000000e-07;1.57259259259259e+02
6.24925000000000e-07;1.36851851851852e+02
6.26400000000000e-07;1.14015873015873e+02
6.27875000000000e-07;9.05925925925926e+01
6.29350000000000e-07;6.95714285714286e+01
6.30825000000000e-07;5.11322751322752e+01
6.32300000000000e-07;3.72063492063492e+01
6.33775000000000e-07;2.54550264550265e+01
6.35250000000000e-07;1.76560846560847e+01
6.36725000000000e-07;1.17619047619048e+01
6.38200000000000e-07;8.13756613756614e+00
6.39675000000000e-07;5.41798941798942e+00
6.41150000000000e-07;4.20634920634921e+00
6.42625000000000e-07;3.29629629629630e+00
6.44100000000000e-07;2.98412698412699e+00
6.45575000000000e-07;2.64550264550265e+00
6.47050000000000e-07;2.60846560846561e+00
6.48525000000000e-07;2.50264550264551e+00
6.50000000000000e-07;2.34920634920635e+00
6.51475000000000e-07;2.29100529100529e+00
6.52950000000000e-07;2.18518518518519e+00
6.54425000000000e-07;2.15873015873016e+00
6.55900000000000e-07;2.09523809523810e+00
6.57375000000000e-07;1.94708994708995e+00
6.58850000000000e-07;1.73544973544974e+00
6.60325000000000e-07;1.54497354497355e+00
6.61800000000000e-07;1.43915343915344e+00
6.63275000000000e-07;1.38624338624339e+00
6.64750000000000e-07;1.35449735449736e+00
6.66225000000000e-07;1.38624338624339e+00
6.67700000000000e-07;1.44973544973545e+00
6.69175000000000e-07;1.56084656084656e+00
6.70650000000000e-07;1.71957671957672e+00
6.72125000000000e-07;1.81481481481482e+00
6.73600000000000e-07;1.73544973544974e+00
6.75075000000000e-07;1.53439153439154e+00
6.76550000000000e-07;1.16931216931217e+00
6.78025000000000e-07;1.00793650793651e+00
6.79500000000000e-07;9.12698412698414e-01
6.80975000000000e-07;8.83597883597885e-01
