3.72700000000000e-07;1.00000000000000e+00
3.74175000000000e-07;1.00000000000000e+00
3.75650000000000e-07;1.00000000000000e+00
3.77125000000000e-07;1.00000000000000e+00
3.78600000000000e-07;1.00000000000000e+00
3.80075000000000e-07;1.00000000000000e+00
3.81550000000000e-07;1.00000000000000e+00
3.83025000000000e-07;1.00000000000000e+00
3.84500000000000e-07;1.00000000000000e+00
3.85975000000000e-07;1.00000000000000e+00
3.87450000000000e-07;1.00000000000000e+00
3.88925000000000e-07;1.00000000000000e+00
3.90400000000000e-07;1.00000000000000e+00
3.91875000000000e-07;1.00000000000000e+00
3.93350000000000e-07;1.00000000000000e+00
3.94825000000000e-07;1.00000000000000e+00
3.96300000000000e-07;1.00000000000000e+00
3.97775000000000e-07;1.00000000000000e+00
3.99250000000000e-07;1.00000000000000e+00
4.00725000000000e-07;1.00000000000000e+00
4.02200000000000e-07;1.00000000000000e+00
4.03675000000000e-07;1.00000000000000e+00
4.05150000000000e-07;1.00000000000000e+00
4.06625000000000e-07;1.00000000000000e+00
4.08100000000000e-07;1.00000000000000e+00
4.09575000000000e-07;1.00000000000000e+00
4.11050000000000e-07;1.00000000000000e+00
4.12525000000000e-07;1.00000000000000e+00
4.14000000000000e-07;1.00000000000000e+00
4.15475000000000e-07;9.78835978835980e-01
4.16950000000000e-07;1.01058201058201e+00
4.18425000000000e-07;1.09523809523810e+00
4.19900000000000e-07;1.13756613756614e+00
4.21375000000000e-07;1.13756613756614e+00
4.22850000000000e-07;1.09523809523810e+00
4.24325000000000e-07;1.01058201058201e+00
4.25800000000000e-07;9.78835978835980e-01
4.27275000000000e-07;1.00000000000000e+00
4.28750000000000e-07;1.00000000000000e+00
4.30225000000000e-07;1.00000000000000e+00
4.31700000000000e-07;1.00000000000000e+00
4.33175000000000e-07;1.00000000000000e+00
4.34650000000000e-07;1.00000000000000e+00
4.36125000000000e-07;1.00000000000000e+00
4.37600000000000e-07;1.00000000000000e+00
4.39075000000000e-07;1.00000000000000e+00
4.40550000000000e-07;1.00000000000000e+00
4.42025000000000e-07;1.00000000000000e+00
4.43500000000000e-07;1.00000000000000e+00
4.44975000000000e-07;1.00000000000000e+00
4.46450000000000e-07;1.00000000000000e+00
4.47925000000000e-07;1.00000000000000e+00
4.49400000000000e-07;1.00000000000000e+00
4.50875000000000e-07;1.00000000000000e+00
4.52350000000000e-07;1.00000000000000e+00
4.53825000000000e-07;1.00000000000000e+00
4.55300000000000e-07;1.00000000000000e+00
4.56775000000000e-07;1.00000000000000e+00
4.58250000000000e-07;1.00000000000000e+00
4.59725000000000e-07;1.00000000000000e+00
4.61200000000000e-07;1.00000000000000e+00
4.62675000000000e-07;1.00000000000000e+00
4.64150000000000e-07;1.00000000000000e+00
4.65625000000000e-07;1.00000000000000e+00
4.67100000000000e-07;1.02116402116402e+00
4.68575000000000e-07;9.89417989417990e-01
4.70050000000000e-07;9.25925925925927e-01
4.71525000000000e-07;8.51851851851853e-01
4.73000000000000e-07;7.88359788359789e-01
4.74475000000000e-07;7.35449735449736e-01
4.75950000000000e-07;7.88359788359789e-01
4.77425000000000e-07;8.51851851851853e-01
4.78900000000000e-07;9.25925925925927e-01
4.80375000000000e-07;1.01058201058201e+00
4.81850000000000e-07;1.01058201058201e+00
4.83325000000000e-07;9.25925925925927e-01
4.84800000000000e-07;8.51851851851853e-01
4.86275000000000e-07;7.88359788359789e-01
4.87750000000000e-07;7.56613756613757e-01
4.89225000000000e-07;7.88359788359789e-01
4.90700000000000e-07;7.72486772486773e-01
4.92175000000000e-07;7.19576719576720e-01
4.93650000000000e-07;7.14285714285715e-01
4.95125000000000e-07;7.46031746031747e-01
4.96600000000000e-07;8.04232804232805e-01
4.98075000000000e-07;8.78306878306879e-01
4.99550000000000e-07;9.10052910052911e-01
5.01025000000000e-07;8.88888888888890e-01
5.02500000000000e-07;8.88888888888890e-01
5.03975000000000e-07;8.88888888888890e-01
5.05450000000000e-07;8.88888888888890e-01
5.06925000000000e-07;8.88888888888890e-01
5.08400000000000e-07;8.88888888888890e-01
5.09875000000000e-07;8.88888888888890e-01
5.11350000000000e-07;8.88888888888890e-01
5.12825000000000e-07;8.88888888888890e-01
5.14300000000000e-07;8.78306878306879e-01
5.15775000000000e-07;8.94179894179895e-01
5.17250000000000e-07;9.25925925925927e-01
5.18725000000000e-07;9.62962962962964e-01
5.20200000000000e-07;9.94708994708996e-01
5.21675000000000e-07;1.03174603174603e+00
5.23150000000000e-07;9.89417989417990e-01
5.24625000000000e-07;9.25925925925927e-01
5.26100000000000e-07;8.51851851851853e-01
5.27575000000000e-07;7.88359788359789e-01
5.29050000000000e-07;7.56613756613757e-01
5.30525000000000e-07;7.77777777777778e-01
5.32000000000000e-07;7.56613756613757e-01
5.33475000000000e-07;7.88359788359789e-01
5.34950000000000e-07;8.51851851851853e-01
5.36425000000000e-07;9.36507936507937e-01
5.37900000000000e-07;9.84126984126985e-01
5.39375000000000e-07;9.84126984126985e-01
5.40850000000000e-07;9.25925925925927e-01
5.42325000000000e-07;8.94179894179895e-01
5.43800000000000e-07;8.78306878306879e-01
5.45275000000000e-07;8.99470899470900e-01
5.46750000000000e-07;9.04761904761905e-01
5.48225000000000e-07;8.41269841269842e-01
5.49700000000000e-07;7.40740740740741e-01
5.51175000000000e-07;6.34920634920635e-01
5.52650000000000e-07;5.55555555555556e-01
5.54125000000000e-07;5.23809523809524e-01
5.55600000000000e-07;5.60846560846561e-01
5.57075000000000e-07;5.71428571428572e-01
5.58550000000000e-07;6.40211640211641e-01
5.60025000000000e-07;7.56613756613757e-01
5.61500000000000e-07;8.14814814814815e-01
5.62975000000000e-07;8.04232804232805e-01
5.64450000000000e-07;7.61904761904762e-01
5.65925000000000e-07;6.98412698412699e-01
5.67400000000000e-07;6.34920634920635e-01
5.68875000000000e-07;4.86772486772487e-01
5.70350000000000e-07;5.71428571428572e-01
5.71825000000000e-07;8.67724867724868e-01
5.73300000000000e-07;1.15343915343915e+00
5.74775000000000e-07;1.39153439153439e+00
5.76250000000000e-07;1.24338624338624e+00
5.77725000000000e-07;8.78306878306879e-01
5.79200000000000e-07;8.67724867724868e-01
5.80675000000000e-07;1.23809523809524e+00
5.82150000000000e-07;1.75661375661376e+00
5.83625000000000e-07;2.26455026455027e+00
5.85100000000000e-07;2.82010582010582e+00
5.86575000000000e-07;3.30687830687831e+00
5.88050000000000e-07;3.71428571428572e+00
5.89525000000000e-07;4.01587301587302e+00
5.91000000000000e-07;4.59259259259260e+00
5.92475000000000e-07;4.88888888888889e+00
5.93950000000000e-07;5.26455026455027e+00
5.95425000000000e-07;5.06349206349207e+00
5.96900000000000e-07;4.76719576719577e+00
5.98375000000000e-07;4.57671957671958e+00
5.99850000000000e-07;4.51322751322752e+00
6.01325000000000e-07;3.95238095238096e+00
6.02800000000000e-07;3.48148148148148e+00
6.04275000000000e-07;2.16402116402117e+00
6.05750000000000e-07;1.67195767195767e+00
6.07225000000000e-07;1.33862433862434e+00
6.08700000000000e-07;1.10052910052910e+00
6.10175000000000e-07;8.04232804232805e-01
6.11650000000000e-07;9.15343915343916e-01
6.13125000000000e-07;3.54497354497355e-01
6.14600000000000e-07;5.13227513227514e-01
6.16075000000000e-07;6.03174603174604e-01
6.17550000000000e-07;1.04232804232804e+00
6.19025000000000e-07;2.44973544973545e+00
6.20500000000000e-07;3.56613756613757e+00
6.21975000000000e-07;3.61375661375662e+00
6.23450000000000e-07;2.85714285714286e+00
6.24925000000000e-07;1.53439153439154e+00
6.26400000000000e-07;1.05820105820106e-01
6.27875000000000e-07;1.53439153439154e-01
6.29350000000000e-07;1.37566137566138e-01
6.30825000000000e-07;4.02116402116402e-01
6.32300000000000e-07;4.76190476190476e-01
6.33775000000000e-07;4.76190476190477e-01
6.35250000000000e-07;3.38624338624339e-01
6.36725000000000e-07;7.51322751322752e-01
6.38200000000000e-07;1.07936507936508e+00
6.39675000000000e-07;1.65079365079365e+00
6.41150000000000e-07;1.69841269841270e+00
6.42625000000000e-07;1.46560846560847e+00
6.44100000000000e-07;9.04761904761906e-01
6.45575000000000e-07;4.86772486772487e-01
6.47050000000000e-07;2.27513227513228e-01
6.48525000000000e-07;2.16931216931217e-01
6.50000000000000e-07;2.01058201058201e-01
6.51475000000000e-07;2.96296296296297e-01
6.52950000000000e-07;3.70370370370371e-01
6.54425000000000e-07;3.91534391534392e-01
6.55900000000000e-07;4.86772486772487e-01
6.57375000000000e-07;5.92592592592593e-01
6.58850000000000e-07;7.61904761904762e-01
6.60325000000000e-07;8.57142857142858e-01
6.61800000000000e-07;8.57142857142858e-01
6.63275000000000e-07;7.61904761904762e-01
6.64750000000000e-07;6.66666666666667e-01
6.66225000000000e-07;5.71428571428572e-01
6.67700000000000e-07;5.18518518518519e-01
6.69175000000000e-07;4.55026455026455e-01
6.70650000000000e-07;4.23280423280424e-01
6.72125000000000e-07;3.91534391534392e-01
6.73600000000000e-07;4.70899470899471e-01
6.75075000000000e-07;6.50793650793651e-01
6.76550000000000e-07;7.83068783068784e-01
6.78025000000000e-07;8.73015873015873e-01
6.79500000000000e-07;9.36507936507937e-01
6.80975000000000e-07;9.73544973544974e-01
