3.72700000000000e-07;1.00000000000000e+00
3.74175000000000e-07;1.00000000000000e+00
3.75650000000000e-07;1.00000000000000e+00
3.77125000000000e-07;1.00000000000000e+00
3.78600000000000e-07;1.00000000000000e+00
3.80075000000000e-07;1.00000000000000e+00
3.81550000000000e-07;1.00000000000000e+00
3.83025000000000e-07;1.00000000000000e+00
3.84500000000000e-07;1.00000000000000e+00
3.85975000000000e-07;1.00000000000000e+00
3.87450000000000e-07;1.00000000000000e+00
3.88925000000000e-07;1.00000000000000e+00
3.90400000000000e-07;1.00000000000000e+00
3.91875000000000e-07;1.00000000000000e+00
3.93350000000000e-07;1.00000000000000e+00
3.94825000000000e-07;1.00000000000000e+00
3.96300000000000e-07;1.00000000000000e+00
3.97775000000000e-07;1.00000000000000e+00
3.99250000000000e-07;1.00000000000000e+00
4.00725000000000e-07;1.00000000000000e+00
4.02200000000000e-07;1.00000000000000e+00
4.03675000000000e-07;1.00000000000000e+00
4.05150000000000e-07;1.00000000000000e+00
4.06625000000000e-07;1.00000000000000e+00
4.08100000000000e-07;1.00000000000000e+00
4.09575000000000e-07;1.00000000000000e+00
4.11050000000000e-07;1.00000000000000e+00
4.12525000000000e-07;1.00000000000000e+00
4.14000000000000e-07;1.00000000000000e+00
4.15475000000000e-07;1.00000000000000e+00
4.16950000000000e-07;1.00000000000000e+00
4.18425000000000e-07;1.00000000000000e+00
4.19900000000000e-07;1.00000000000000e+00
4.21375000000000e-07;1.00000000000000e+00
4.22850000000000e-07;1.00000000000000e+00
4.24325000000000e-07;1.00000000000000e+00
4.25800000000000e-07;1.00000000000000e+00
4.27275000000000e-07;1.00000000000000e+00
4.28750000000000e-07;1.00000000000000e+00
4.30225000000000e-07;1.00000000000000e+00
4.31700000000000e-07;1.00000000000000e+00
4.33175000000000e-07;1.00000000000000e+00
4.34650000000000e-07;1.00000000000000e+00
4.36125000000000e-07;1.00000000000000e+00
4.37600000000000e-07;1.00000000000000e+00
4.39075000000000e-07;1.00000000000000e+00
4.40550000000000e-07;1.00000000000000e+00
4.42025000000000e-07;1.00000000000000e+00
4.43500000000000e-07;1.00000000000000e+00
4.44975000000000e-07;1.00000000000000e+00
4.46450000000000e-07;1.00000000000000e+00
4.47925000000000e-07;1.00000000000000e+00
4.49400000000000e-07;1.00000000000000e+00
4.50875000000000e-07;1.00000000000000e+00
4.52350000000000e-07;1.00000000000000e+00
4.53825000000000e-07;1.00000000000000e+00
4.55300000000000e-07;1.00000000000000e+00
4.56775000000000e-07;1.00000000000000e+00
4.58250000000000e-07;1.00000000000000e+00
4.59725000000000e-07;1.00000000000000e+00
4.61200000000000e-07;1.00000000000000e+00
4.62675000000000e-07;1.00000000000000e+00
4.64150000000000e-07;1.00000000000000e+00
4.65625000000000e-07;1.00000000000000e+00
4.67100000000000e-07;1.00000000000000e+00
4.68575000000000e-07;1.00000000000000e+00
4.70050000000000e-07;1.00000000000000e+00
4.71525000000000e-07;1.00000000000000e+00
4.73000000000000e-07;1.00000000000000e+00
4.74475000000000e-07;1.00000000000000e+00
4.75950000000000e-07;1.00000000000000e+00
4.77425000000000e-07;1.00000000000000e+00
4.78900000000000e-07;1.00000000000000e+00
4.80375000000000e-07;1.00000000000000e+00
4.81850000000000e-07;1.00000000000000e+00
4.83325000000000e-07;1.00000000000000e+00
4.84800000000000e-07;1.00000000000000e+00
4.86275000000000e-07;1.00000000000000e+00
4.87750000000000e-07;1.00000000000000e+00
4.89225000000000e-07;1.00000000000000e+00
4.90700000000000e-07;1.00000000000000e+00
4.92175000000000e-07;1.00000000000000e+00
4.93650000000000e-07;1.00000000000000e+00
4.95125000000000e-07;1.00000000000000e+00
4.96600000000000e-07;1.00000000000000e+00
4.98075000000000e-07;1.00000000000000e+00
4.99550000000000e-07;1.00000000000000e+00
5.01025000000000e-07;1.00000000000000e+00
5.02500000000000e-07;1.00000000000000e+00
5.03975000000000e-07;1.00000000000000e+00
5.05450000000000e-07;1.00000000000000e+00
5.06925000000000e-07;1.00000000000000e+00
5.08400000000000e-07;1.00000000000000e+00
5.09875000000000e-07;1.01058201058201e+00
5.11350000000000e-07;9.94708994708996e-01
5.12825000000000e-07;9.62962962962964e-01
5.14300000000000e-07;9.25925925925927e-01
5.15775000000000e-07;8.94179894179895e-01
5.17250000000000e-07;8.67724867724868e-01
5.18725000000000e-07;8.94179894179895e-01
5.20200000000000e-07;9.25925925925927e-01
5.21675000000000e-07;9.62962962962964e-01
5.23150000000000e-07;9.94708994708996e-01
5.24625000000000e-07;1.01058201058201e+00
5.26100000000000e-07;1.01058201058201e+00
5.27575000000000e-07;9.94708994708996e-01
5.29050000000000e-07;9.62962962962964e-01
5.30525000000000e-07;9.25925925925927e-01
5.32000000000000e-07;8.94179894179895e-01
5.33475000000000e-07;8.67724867724868e-01
5.34950000000000e-07;8.94179894179895e-01
5.36425000000000e-07;9.25925925925927e-01
5.37900000000000e-07;9.62962962962964e-01
5.39375000000000e-07;9.94708994708996e-01
5.40850000000000e-07;1.01058201058201e+00
5.42325000000000e-07;1.00000000000000e+00
5.43800000000000e-07;1.00000000000000e+00
5.45275000000000e-07;1.00000000000000e+00
5.46750000000000e-07;1.00000000000000e+00
5.48225000000000e-07;1.00000000000000e+00
5.49700000000000e-07;1.00000000000000e+00
5.51175000000000e-07;1.00000000000000e+00
5.52650000000000e-07;1.00000000000000e+00
5.54125000000000e-07;9.25925925925926e-01
5.55600000000000e-07;9.62962962962963e-01
5.57075000000000e-07;1.37037037037037e+00
5.58550000000000e-07;1.74074074074074e+00
5.60025000000000e-07;1.97883597883598e+00
5.61500000000000e-07;2.06349206349207e+00
5.62975000000000e-07;1.98412698412699e+00
5.64450000000000e-07;1.91005291005291e+00
5.65925000000000e-07;2.05291005291005e+00
5.67400000000000e-07;2.28571428571429e+00
5.68875000000000e-07;2.22751322751323e+00
5.70350000000000e-07;2.41269841269841e+00
5.71825000000000e-07;2.56084656084656e+00
5.73300000000000e-07;3.00000000000000e+00
5.74775000000000e-07;4.04232804232805e+00
5.76250000000000e-07;6.34920634920635e+00
5.77725000000000e-07;9.33333333333334e+00
5.79200000000000e-07;1.40846560846561e+01
5.80675000000000e-07;2.01111111111111e+01
5.82150000000000e-07;2.88624338624339e+01
5.83625000000000e-07;3.89788359788360e+01
5.85100000000000e-07;5.40158730158731e+01
5.86575000000000e-07;7.39523809523810e+01
5.88050000000000e-07;9.64973544973546e+01
5.89525000000000e-07;1.19624338624339e+02
5.91000000000000e-07;1.39449735449736e+02
5.92475000000000e-07;1.54063492063492e+02
5.93950000000000e-07;1.67740740740741e+02
5.95425000000000e-07;1.83164021164021e+02
5.96900000000000e-07;1.97185185185185e+02
5.98375000000000e-07;2.10608465608466e+02
5.99850000000000e-07;2.20751322751323e+02
6.01325000000000e-07;2.29783068783069e+02
6.02800000000000e-07;2.37746031746032e+02
6.04275000000000e-07;2.46693121693122e+02
6.05750000000000e-07;2.51343915343915e+02
6.07225000000000e-07;2.52513227513228e+02
6.08700000000000e-07;2.51026455026455e+02
6.10175000000000e-07;2.49174603174603e+02
6.11650000000000e-07;2.47962962962963e+02
6.13125000000000e-07;2.47195767195767e+02
6.14600000000000e-07;2.47978835978836e+02
6.16075000000000e-07;2.49608465608466e+02
6.17550000000000e-07;2.51973544973545e+02
6.19025000000000e-07;2.54857142857143e+02
6.20500000000000e-07;2.55026455026455e+02
6.21975000000000e-07;2.50582010582011e+02
6.23450000000000e-07;2.45100529100529e+02
6.24925000000000e-07;2.43158730158730e+02
6.26400000000000e-07;2.45423280423281e+02
6.27875000000000e-07;2.52920634920635e+02
6.29350000000000e-07;2.52978835978836e+02
6.30825000000000e-07;2.42079365079365e+02
6.32300000000000e-07;2.19433862433863e+02
6.33775000000000e-07;1.89026455026455e+02
6.35250000000000e-07;1.56486772486773e+02
6.36725000000000e-07;1.26677248677249e+02
6.38200000000000e-07;9.96402116402117e+01
6.39675000000000e-07;7.72010582010583e+01
6.41150000000000e-07;5.95449735449736e+01
6.42625000000000e-07;4.32962962962963e+01
6.44100000000000e-07;3.14126984126984e+01
6.45575000000000e-07;2.16772486772487e+01
6.47050000000000e-07;1.65502645502646e+01
6.48525000000000e-07;1.31640211640212e+01
6.50000000000000e-07;1.06349206349206e+01
6.51475000000000e-07;7.42328042328043e+00
6.52950000000000e-07;5.06878306878307e+00
6.54425000000000e-07;3.36507936507937e+00
6.55900000000000e-07;2.77248677248677e+00
6.57375000000000e-07;2.78306878306879e+00
6.58850000000000e-07;3.24867724867725e+00
6.60325000000000e-07;3.29100529100529e+00
6.61800000000000e-07;3.05820105820106e+00
6.63275000000000e-07;2.57671957671958e+00
6.64750000000000e-07;2.11640211640212e+00
6.66225000000000e-07;1.76719576719577e+00
6.67700000000000e-07;1.51322751322751e+00
6.69175000000000e-07;1.26455026455027e+00
6.70650000000000e-07;1.17460317460318e+00
6.72125000000000e-07;1.16402116402117e+00
6.73600000000000e-07;1.02116402116402e+00
6.75075000000000e-07;8.04232804232805e-01
6.76550000000000e-07;6.61375661375662e-01
6.78025000000000e-07;6.26984126984128e-01
6.79500000000000e-07;6.74603174603175e-01
6.80975000000000e-07;8.04232804232805e-01
