3.72700000000000e-07;1.00000000000000e+00
3.74175000000000e-07;1.00000000000000e+00
3.75650000000000e-07;1.00000000000000e+00
3.77125000000000e-07;1.00000000000000e+00
3.78600000000000e-07;1.00000000000000e+00
3.80075000000000e-07;1.00000000000000e+00
3.81550000000000e-07;1.00000000000000e+00
3.83025000000000e-07;1.00000000000000e+00
3.84500000000000e-07;1.00000000000000e+00
3.85975000000000e-07;1.00000000000000e+00
3.87450000000000e-07;1.00000000000000e+00
3.88925000000000e-07;1.00000000000000e+00
3.90400000000000e-07;1.00000000000000e+00
3.91875000000000e-07;1.00000000000000e+00
3.93350000000000e-07;1.00000000000000e+00
3.94825000000000e-07;1.00000000000000e+00
3.96300000000000e-07;1.00000000000000e+00
3.97775000000000e-07;1.00000000000000e+00
3.99250000000000e-07;1.00000000000000e+00
4.00725000000000e-07;1.00000000000000e+00
4.02200000000000e-07;1.00000000000000e+00
4.03675000000000e-07;1.00000000000000e+00
4.05150000000000e-07;1.00000000000000e+00
4.06625000000000e-07;1.00000000000000e+00
4.08100000000000e-07;1.00000000000000e+00
4.09575000000000e-07;1.00000000000000e+00
4.11050000000000e-07;1.00000000000000e+00
4.12525000000000e-07;1.00000000000000e+00
4.14000000000000e-07;1.00000000000000e+00
4.15475000000000e-07;1.00000000000000e+00
4.16950000000000e-07;1.00000000000000e+00
4.18425000000000e-07;1.00000000000000e+00
4.19900000000000e-07;1.00000000000000e+00
4.21375000000000e-07;1.00000000000000e+00
4.22850000000000e-07;1.00000000000000e+00
4.24325000000000e-07;1.00000000000000e+00
4.25800000000000e-07;1.00000000000000e+00
4.27275000000000e-07;1.00000000000000e+00
4.28750000000000e-07;1.00000000000000e+00
4.30225000000000e-07;1.00000000000000e+00
4.31700000000000e-07;1.00000000000000e+00
4.33175000000000e-07;1.00000000000000e+00
4.34650000000000e-07;1.00000000000000e+00
4.36125000000000e-07;1.00000000000000e+00
4.37600000000000e-07;1.00000000000000e+00
4.39075000000000e-07;1.00000000000000e+00
4.40550000000000e-07;1.00000000000000e+00
4.42025000000000e-07;1.00000000000000e+00
4.43500000000000e-07;1.00000000000000e+00
4.44975000000000e-07;1.00000000000000e+00
4.46450000000000e-07;1.00000000000000e+00
4.47925000000000e-07;1.00000000000000e+00
4.49400000000000e-07;1.00000000000000e+00
4.50875000000000e-07;1.00000000000000e+00
4.52350000000000e-07;1.00000000000000e+00
4.53825000000000e-07;1.00000000000000e+00
4.55300000000000e-07;1.00000000000000e+00
4.56775000000000e-07;1.00000000000000e+00
4.58250000000000e-07;1.00000000000000e+00
4.59725000000000e-07;1.00000000000000e+00
4.61200000000000e-07;1.00000000000000e+00
4.62675000000000e-07;1.00000000000000e+00
4.64150000000000e-07;1.00000000000000e+00
4.65625000000000e-07;1.00000000000000e+00
4.67100000000000e-07;1.00000000000000e+00
4.68575000000000e-07;1.00000000000000e+00
4.70050000000000e-07;1.00000000000000e+00
4.71525000000000e-07;1.00000000000000e+00
4.73000000000000e-07;1.00000000000000e+00
4.74475000000000e-07;1.00000000000000e+00
4.75950000000000e-07;1.00000000000000e+00
4.77425000000000e-07;1.00000000000000e+00
4.78900000000000e-07;1.00000000000000e+00
4.80375000000000e-07;1.00000000000000e+00
4.81850000000000e-07;1.00000000000000e+00
4.83325000000000e-07;1.00000000000000e+00
4.84800000000000e-07;1.00000000000000e+00
4.86275000000000e-07;1.00000000000000e+00
4.87750000000000e-07;1.00000000000000e+00
4.89225000000000e-07;1.00000000000000e+00
4.90700000000000e-07;1.00000000000000e+00
4.92175000000000e-07;1.00000000000000e+00
4.93650000000000e-07;1.00000000000000e+00
4.95125000000000e-07;1.00000000000000e+00
4.96600000000000e-07;1.00000000000000e+00
4.98075000000000e-07;1.00000000000000e+00
4.99550000000000e-07;1.00000000000000e+00
5.01025000000000e-07;1.00000000000000e+00
5.02500000000000e-07;1.00000000000000e+00
5.03975000000000e-07;1.00000000000000e+00
5.05450000000000e-07;1.00000000000000e+00
5.06925000000000e-07;1.00000000000000e+00
5.08400000000000e-07;1.00000000000000e+00
5.09875000000000e-07;1.01058201058201e+00
5.11350000000000e-07;9.94708994708996e-01
5.12825000000000e-07;9.62962962962964e-01
5.14300000000000e-07;9.25925925925927e-01
5.15775000000000e-07;8.94179894179895e-01
5.17250000000000e-07;8.67724867724868e-01
5.18725000000000e-07;8.94179894179895e-01
5.20200000000000e-07;9.25925925925927e-01
5.21675000000000e-07;9.62962962962964e-01
5.23150000000000e-07;9.94708994708996e-01
5.24625000000000e-07;1.01058201058201e+00
5.26100000000000e-07;1.01058201058201e+00
5.27575000000000e-07;9.94708994708996e-01
5.29050000000000e-07;9.62962962962964e-01
5.30525000000000e-07;9.25925925925927e-01
5.32000000000000e-07;8.94179894179895e-01
5.33475000000000e-07;8.67724867724868e-01
5.34950000000000e-07;8.94179894179895e-01
5.36425000000000e-07;9.25925925925927e-01
5.37900000000000e-07;9.62962962962964e-01
5.39375000000000e-07;9.94708994708996e-01
5.40850000000000e-07;1.01058201058201e+00
5.42325000000000e-07;1.00000000000000e+00
5.43800000000000e-07;1.00000000000000e+00
5.45275000000000e-07;1.00000000000000e+00
5.46750000000000e-07;1.00000000000000e+00
5.48225000000000e-07;1.00000000000000e+00
5.49700000000000e-07;1.00000000000000e+00
5.51175000000000e-07;1.00000000000000e+00
5.52650000000000e-07;1.00000000000000e+00
5.54125000000000e-07;1.07407407407407e+00
5.55600000000000e-07;9.62962962962964e-01
5.57075000000000e-07;7.40740740740741e-01
5.58550000000000e-07;4.81481481481482e-01
5.60025000000000e-07;2.80423280423281e-01
5.61500000000000e-07;1.37566137566138e-01
5.62975000000000e-07;1.48148148148148e-01
5.64450000000000e-07;7.40740740740741e-02
5.65925000000000e-07;1.05820105820106e-02
5.67400000000000e-07;-4.23280423280424e-02
5.68875000000000e-07;-1.26984126984127e-01
5.70350000000000e-07;1.11111111111111e-01
5.71825000000000e-07;5.71428571428572e-01
5.73300000000000e-07;1.18518518518519e+00
5.74775000000000e-07;2.12698412698413e+00
5.76250000000000e-07;3.01587301587302e+00
5.77725000000000e-07;3.76719576719577e+00
5.79200000000000e-07;4.93121693121693e+00
5.80675000000000e-07;6.11111111111112e+00
5.82150000000000e-07;8.00000000000001e+00
5.83625000000000e-07;9.16402116402117e+00
5.85100000000000e-07;1.08412698412699e+01
5.86575000000000e-07;1.20582010582011e+01
5.88050000000000e-07;1.29206349206349e+01
5.89525000000000e-07;1.26719576719577e+01
5.91000000000000e-07;1.28677248677249e+01
5.92475000000000e-07;1.13333333333333e+01
5.93950000000000e-07;1.00264550264550e+01
5.95425000000000e-07;7.66666666666667e+00
5.96900000000000e-07;5.86772486772487e+00
5.98375000000000e-07;4.47619047619048e+00
5.99850000000000e-07;4.68783068783069e+00
6.01325000000000e-07;4.65608465608466e+00
6.02800000000000e-07;4.47089947089947e+00
6.04275000000000e-07;3.98941798941799e+00
6.05750000000000e-07;3.14814814814815e+00
6.07225000000000e-07;2.07407407407408e+00
6.08700000000000e-07;2.65608465608466e+00
6.10175000000000e-07;6.19047619047619e+00
6.11650000000000e-07;1.27989417989418e+01
6.13125000000000e-07;1.83544973544974e+01
6.14600000000000e-07;3.52010582010582e+01
6.16075000000000e-07;5.73492063492064e+01
6.17550000000000e-07;7.98941798941800e+01
6.19025000000000e-07;9.48994708994710e+01
6.20500000000000e-07;9.36507936507937e+01
6.21975000000000e-07;7.07513227513228e+01
6.23450000000000e-07;4.60423280423281e+01
6.24925000000000e-07;2.25714285714286e+01
6.26400000000000e-07;8.49206349206350e+00
6.27875000000000e-07;3.50264550264550e+00
6.29350000000000e-07;3.11640211640212e+00
6.30825000000000e-07;2.86243386243386e+00
6.32300000000000e-07;1.76190476190476e+00
6.33775000000000e-07;5.29100529100529e-02
6.35250000000000e-07;-3.06878306878307e-01
6.36725000000000e-07;1.26984126984127e-01
6.38200000000000e-07;1.26984126984127e-01
6.39675000000000e-07;8.46560846560847e-02
6.41150000000000e-07;-1.26984126984127e-01
6.42625000000000e-07;2.06349206349207e-01
6.44100000000000e-07;3.06878306878307e-01
6.45575000000000e-07;4.97354497354498e-01
6.47050000000000e-07;5.39682539682540e-01
6.48525000000000e-07;5.87301587301588e-01
6.50000000000000e-07;5.44973544973545e-01
6.51475000000000e-07;9.62962962962964e-01
6.52950000000000e-07;9.15343915343916e-01
6.54425000000000e-07;7.72486772486773e-01
6.55900000000000e-07;4.92063492063492e-01
6.57375000000000e-07;3.54497354497355e-01
6.58850000000000e-07;3.06878306878307e-01
6.60325000000000e-07;3.38624338624339e-01
6.61800000000000e-07;2.27513227513228e-01
6.63275000000000e-07;7.93650793650794e-02
6.64750000000000e-07;1.74603174603175e-01
6.66225000000000e-07;4.12698412698413e-01
6.67700000000000e-07;6.66666666666667e-01
6.69175000000000e-07;8.30687830687831e-01
6.70650000000000e-07;8.14814814814815e-01
6.72125000000000e-07;7.08994708994710e-01
6.73600000000000e-07;6.61375661375662e-01
6.75075000000000e-07;5.82010582010583e-01
6.76550000000000e-07;5.76719576719577e-01
6.78025000000000e-07;6.11111111111111e-01
6.79500000000000e-07;6.90476190476191e-01
6.80975000000000e-07;8.14814814814815e-01
