3.72700000000000e-07;1.81216931216931e+00
3.74175000000000e-07;1.52380952380952e+00
3.75650000000000e-07;1.32539682539683e+00
3.77125000000000e-07;1.21693121693122e+00
3.78600000000000e-07;1.20634920634921e+00
3.80075000000000e-07;1.25396825396826e+00
3.81550000000000e-07;1.33862433862434e+00
3.83025000000000e-07;1.57142857142857e+00
3.84500000000000e-07;1.70899470899471e+00
3.85975000000000e-07;1.84126984126984e+00
3.87450000000000e-07;1.95238095238095e+00
3.88925000000000e-07;1.89417989417989e+00
3.90400000000000e-07;1.81481481481482e+00
3.91875000000000e-07;1.78306878306878e+00
3.93350000000000e-07;1.86243386243386e+00
3.94825000000000e-07;1.98941798941799e+00
3.96300000000000e-07;2.06349206349207e+00
3.97775000000000e-07;1.93650793650794e+00
3.99250000000000e-07;1.74603174603175e+00
4.00725000000000e-07;1.54497354497355e+00
4.02200000000000e-07;1.38624338624339e+00
4.03675000000000e-07;1.34391534391535e+00
4.05150000000000e-07;1.28571428571429e+00
4.06625000000000e-07;1.15873015873016e+00
4.08100000000000e-07;1.15343915343915e+00
4.09575000000000e-07;1.31746031746032e+00
4.11050000000000e-07;1.42328042328042e+00
4.12525000000000e-07;1.51851851851852e+00
4.14000000000000e-07;1.52380952380953e+00
4.15475000000000e-07;1.41798941798942e+00
4.16950000000000e-07;1.40740740740741e+00
4.18425000000000e-07;1.46031746031746e+00
4.19900000000000e-07;1.49206349206349e+00
4.21375000000000e-07;1.47619047619048e+00
4.22850000000000e-07;1.46031746031746e+00
4.24325000000000e-07;1.43386243386243e+00
4.25800000000000e-07;1.43386243386243e+00
4.27275000000000e-07;1.44973544973545e+00
4.28750000000000e-07;1.48148148148148e+00
4.30225000000000e-07;1.53968253968254e+00
4.31700000000000e-07;1.53968253968254e+00
4.33175000000000e-07;1.49206349206349e+00
4.34650000000000e-07;1.40740740740741e+00
4.36125000000000e-07;1.34391534391534e+00
4.37600000000000e-07;1.30158730158730e+00
4.39075000000000e-07;1.29629629629630e+00
4.40550000000000e-07;1.39153439153439e+00
4.42025000000000e-07;1.48148148148148e+00
4.43500000000000e-07;1.75132275132275e+00
4.44975000000000e-07;2.16931216931217e+00
4.46450000000000e-07;2.51322751322751e+00
4.47925000000000e-07;2.67195767195767e+00
4.49400000000000e-07;2.79894179894180e+00
4.50875000000000e-07;2.70370370370371e+00
4.52350000000000e-07;2.90476190476191e+00
4.53825000000000e-07;3.33333333333334e+00
4.55300000000000e-07;4.28571428571429e+00
4.56775000000000e-07;5.70899470899471e+00
4.58250000000000e-07;7.79365079365080e+00
4.59725000000000e-07;1.06825396825397e+01
4.61200000000000e-07;1.46772486772487e+01
4.62675000000000e-07;1.94232804232804e+01
4.64150000000000e-07;2.56719576719577e+01
4.65625000000000e-07;3.26666666666667e+01
4.67100000000000e-07;4.03597883597884e+01
4.68575000000000e-07;5.01111111111111e+01
4.70050000000000e-07;6.21058201058202e+01
4.71525000000000e-07;7.67089947089948e+01
4.73000000000000e-07;9.23015873015874e+01
4.74475000000000e-07;1.08534391534392e+02
4.75950000000000e-07;1.25444444444445e+02
4.77425000000000e-07;1.44904761904762e+02
4.78900000000000e-07;1.63111111111111e+02
4.80375000000000e-07;1.79714285714286e+02
4.81850000000000e-07;1.92767195767196e+02
4.83325000000000e-07;2.06111111111111e+02
4.84800000000000e-07;2.20502645502646e+02
4.86275000000000e-07;2.36063492063492e+02
4.87750000000000e-07;2.47523809523810e+02
4.89225000000000e-07;2.53343915343915e+02
4.90700000000000e-07;2.54253968253968e+02
4.92175000000000e-07;2.53449735449736e+02
4.93650000000000e-07;2.52751322751323e+02
4.95125000000000e-07;2.52751322751323e+02
4.96600000000000e-07;2.53671957671958e+02
4.98075000000000e-07;2.53650793650794e+02
4.99550000000000e-07;2.54005291005291e+02
5.01025000000000e-07;2.53862433862434e+02
5.02500000000000e-07;2.53788359788360e+02
5.03975000000000e-07;2.53306878306879e+02
5.05450000000000e-07;2.52984126984127e+02
5.06925000000000e-07;2.51862433862434e+02
5.08400000000000e-07;2.51417989417990e+02
5.09875000000000e-07;2.51349206349207e+02
5.11350000000000e-07;2.52222222222222e+02
5.12825000000000e-07;2.53396825396826e+02
5.14300000000000e-07;2.54793650793651e+02
5.15775000000000e-07;2.55973544973545e+02
5.17250000000000e-07;2.53724867724868e+02
5.18725000000000e-07;2.47978835978836e+02
5.20200000000000e-07;2.39952380952381e+02
5.21675000000000e-07;2.29216931216931e+02
5.23150000000000e-07;2.15492063492064e+02
5.24625000000000e-07;1.95936507936508e+02
5.26100000000000e-07;1.78661375661376e+02
5.27575000000000e-07;1.60894179894180e+02
5.29050000000000e-07;1.43539682539683e+02
5.30525000000000e-07;1.21735449735450e+02
5.32000000000000e-07;9.70476190476191e+01
5.33475000000000e-07;6.67195767195768e+01
5.34950000000000e-07;4.45873015873016e+01
5.36425000000000e-07;2.58359788359789e+01
5.37900000000000e-07;1.32116402116402e+01
5.39375000000000e-07;3.96296296296297e+00
5.40850000000000e-07;4.65608465608466e-01
5.42325000000000e-07;-1.10052910052910e+00
5.43800000000000e-07;-2.11640211640212e-01
5.45275000000000e-07;0.00000000000000e+00
5.46750000000000e-07;-4.23280423280424e-02
5.48225000000000e-07;6.34920634920635e-02
5.49700000000000e-07;1.26984126984127e-01
5.51175000000000e-07;1.48148148148148e-01
5.52650000000000e-07;1.26984126984127e-01
5.54125000000000e-07;6.34920634920635e-02
5.55600000000000e-07;-4.23280423280424e-02
5.57075000000000e-07;0.00000000000000e+00
5.58550000000000e-07;0.00000000000000e+00
5.60025000000000e-07;0.00000000000000e+00
5.61500000000000e-07;0.00000000000000e+00
5.62975000000000e-07;0.00000000000000e+00
5.64450000000000e-07;0.00000000000000e+00
5.65925000000000e-07;0.00000000000000e+00
5.67400000000000e-07;-2.11640211640212e-02
5.68875000000000e-07;-7.40740740740741e-02
5.70350000000000e-07;-1.48148148148148e-01
5.71825000000000e-07;8.09523809523810e-01
5.73300000000000e-07;1.58201058201058e+00
5.74775000000000e-07;2.15343915343916e+00
5.76250000000000e-07;2.30687830687831e+00
5.77725000000000e-07;2.11111111111111e+00
5.79200000000000e-07;1.45502645502646e+00
5.80675000000000e-07;1.49206349206349e+00
5.82150000000000e-07;9.68253968253969e-01
5.83625000000000e-07;5.44973544973545e-01
5.85100000000000e-07;5.23809523809524e-01
5.86575000000000e-07;8.04232804232805e-01
5.88050000000000e-07;9.04761904761906e-01
5.89525000000000e-07;8.88888888888890e-01
5.91000000000000e-07;4.92063492063492e-01
5.92475000000000e-07;1.79894179894180e-01
5.93950000000000e-07;2.48677248677249e-01
5.95425000000000e-07;4.55026455026455e-01
5.96900000000000e-07;7.61904761904762e-01
5.98375000000000e-07;1.07936507936508e+00
5.99850000000000e-07;1.22751322751323e+00
6.01325000000000e-07;1.28042328042328e+00
6.02800000000000e-07;1.30158730158730e+00
6.04275000000000e-07;1.34391534391535e+00
6.05750000000000e-07;1.33862433862434e+00
6.07225000000000e-07;1.27513227513228e+00
6.08700000000000e-07;1.18518518518519e+00
6.10175000000000e-07;1.05291005291005e+00
6.11650000000000e-07;9.52380952380953e-01
6.13125000000000e-07;1.06349206349206e+00
6.14600000000000e-07;1.15873015873016e+00
6.16075000000000e-07;1.24867724867725e+00
6.17550000000000e-07;1.33862433862434e+00
6.19025000000000e-07;1.40740740740741e+00
6.20500000000000e-07;1.34920634920635e+00
6.21975000000000e-07;1.31216931216931e+00
6.23450000000000e-07;1.32275132275132e+00
6.24925000000000e-07;1.31746031746032e+00
6.26400000000000e-07;1.31216931216931e+00
6.27875000000000e-07;1.19576719576720e+00
6.29350000000000e-07;1.04761904761905e+00
6.30825000000000e-07;9.31216931216932e-01
6.32300000000000e-07;8.88888888888890e-01
6.33775000000000e-07;8.67724867724868e-01
6.35250000000000e-07;8.83597883597884e-01
6.36725000000000e-07;7.88359788359789e-01
6.38200000000000e-07;7.56613756613757e-01
6.39675000000000e-07;7.77777777777778e-01
6.41150000000000e-07;7.77777777777778e-01
6.42625000000000e-07;7.56613756613757e-01
6.44100000000000e-07;7.88359788359789e-01
6.45575000000000e-07;8.51851851851853e-01
6.47050000000000e-07;9.25925925925927e-01
6.48525000000000e-07;9.89417989417990e-01
6.50000000000000e-07;1.02116402116402e+00
6.51475000000000e-07;1.00000000000000e+00
6.52950000000000e-07;1.00000000000000e+00
6.54425000000000e-07;9.78835978835980e-01
6.55900000000000e-07;9.89417989417990e-01
6.57375000000000e-07;1.10582010582011e+00
6.58850000000000e-07;1.19047619047619e+00
6.60325000000000e-07;1.29629629629630e+00
6.61800000000000e-07;1.40211640211640e+00
6.63275000000000e-07;1.40211640211640e+00
6.64750000000000e-07;1.32275132275132e+00
6.66225000000000e-07;1.29629629629630e+00
6.67700000000000e-07;1.17989417989418e+00
6.69175000000000e-07;1.12698412698413e+00
6.70650000000000e-07;1.17460317460318e+00
6.72125000000000e-07;1.24867724867725e+00
6.73600000000000e-07;1.27513227513228e+00
6.75075000000000e-07;1.31216931216931e+00
6.76550000000000e-07;1.26455026455027e+00
6.78025000000000e-07;1.22222222222222e+00
6.79500000000000e-07;1.15873015873016e+00
6.80975000000000e-07;1.07407407407408e+00
