3.72700000000000e-07;2.94266277939747e+00
3.74175000000000e-07;2.92930029154519e+00
3.75650000000000e-07;2.90743440233236e+00
3.77125000000000e-07;2.87706511175899e+00
3.78600000000000e-07;2.83430515063168e+00
3.80075000000000e-07;2.75558794946550e+00
3.81550000000000e-07;2.75850340136055e+00
3.83025000000000e-07;2.81098153547133e+00
3.84500000000000e-07;2.89212827988338e+00
3.85975000000000e-07;2.98639455782313e+00
3.87450000000000e-07;3.02186588921283e+00
3.88925000000000e-07;2.98056365403304e+00
3.90400000000000e-07;2.95675413022352e+00
3.91875000000000e-07;2.92371234207969e+00
3.93350000000000e-07;2.87366375121477e+00
3.94825000000000e-07;2.82264334305151e+00
3.96300000000000e-07;2.76530612244898e+00
3.97775000000000e-07;2.71525753158406e+00
3.99250000000000e-07;2.67395529640428e+00
4.00725000000000e-07;2.66472303206997e+00
4.02200000000000e-07;2.66569484936832e+00
4.03675000000000e-07;2.65208940719145e+00
4.05150000000000e-07;2.70894071914480e+00
4.06625000000000e-07;2.78328474246842e+00
4.08100000000000e-07;2.85179786200194e+00
4.09575000000000e-07;2.89601554907677e+00
4.11050000000000e-07;2.90913508260447e+00
4.12525000000000e-07;2.83333333333334e+00
4.14000000000000e-07;2.80417881438290e+00
4.15475000000000e-07;2.77696793002916e+00
4.16950000000000e-07;2.78036929057337e+00
4.18425000000000e-07;2.80660835762877e+00
4.19900000000000e-07;2.85228377065112e+00
4.21375000000000e-07;2.88581146744412e+00
4.22850000000000e-07;2.91836734693878e+00
4.24325000000000e-07;2.92759961127308e+00
4.25800000000000e-07;2.94120505344995e+00
4.27275000000000e-07;2.98396501457726e+00
4.28750000000000e-07;2.95869776482021e+00
4.30225000000000e-07;2.91545189504373e+00
4.31700000000000e-07;2.85179786200195e+00
4.33175000000000e-07;2.79397473275024e+00
4.34650000000000e-07;2.75947521865889e+00
4.36125000000000e-07;2.78474246841594e+00
4.37600000000000e-07;2.76287657920311e+00
4.39075000000000e-07;2.74101068999028e+00
4.40550000000000e-07;2.72643343051507e+00
4.42025000000000e-07;2.72157434402332e+00
4.43500000000000e-07;2.73032069970846e+00
4.44975000000000e-07;2.72497570456754e+00
4.46450000000000e-07;2.69339164237124e+00
4.47925000000000e-07;2.67541302235180e+00
4.49400000000000e-07;2.69290573372206e+00
4.50875000000000e-07;2.74295432458698e+00
4.52350000000000e-07;2.77308066083576e+00
4.53825000000000e-07;2.74635568513120e+00
4.55300000000000e-07;2.70991253644315e+00
4.56775000000000e-07;2.69582118561710e+00
4.58250000000000e-07;2.69727891156463e+00
4.59725000000000e-07;2.72643343051506e+00
4.61200000000000e-07;2.68853255587950e+00
4.62675000000000e-07;2.59572400388727e+00
4.64150000000000e-07;2.52575315840622e+00
4.65625000000000e-07;2.48979591836735e+00
4.67100000000000e-07;2.50923226433431e+00
4.68575000000000e-07;2.58794946550049e+00
4.70050000000000e-07;2.65208940719145e+00
4.71525000000000e-07;2.69630709426628e+00
4.73000000000000e-07;2.71622934888241e+00
4.74475000000000e-07;2.68707482993197e+00
4.75950000000000e-07;2.64382896015549e+00
4.77425000000000e-07;2.60252672497571e+00
4.78900000000000e-07;2.59669582118562e+00
4.80375000000000e-07;2.63556851311954e+00
4.81850000000000e-07;2.68853255587950e+00
4.83325000000000e-07;2.73566569484937e+00
4.84800000000000e-07;2.76724975704568e+00
4.86275000000000e-07;2.76822157434402e+00
4.87750000000000e-07;2.77696793002916e+00
4.89225000000000e-07;2.77502429543246e+00
4.90700000000000e-07;2.77551020408163e+00
4.92175000000000e-07;2.79203109815355e+00
4.93650000000000e-07;2.80320699708455e+00
4.95125000000000e-07;2.81292517006803e+00
4.96600000000000e-07;2.79397473275024e+00
4.98075000000000e-07;2.76724975704568e+00
4.99550000000000e-07;2.66472303206997e+00
5.01025000000000e-07;2.53401360544218e+00
5.02500000000000e-07;2.39601554907677e+00
5.03975000000000e-07;2.30952380952381e+00
5.05450000000000e-07;2.24344023323615e+00
5.06925000000000e-07;2.27162293488824e+00
5.08400000000000e-07;2.29154518950437e+00
5.09875000000000e-07;2.31000971817298e+00
5.11350000000000e-07;2.38046647230321e+00
5.12825000000000e-07;2.48590864917396e+00
5.14300000000000e-07;2.56171039844509e+00
5.15775000000000e-07;2.63362487852284e+00
5.17250000000000e-07;2.65792031098154e+00
5.18725000000000e-07;2.62244897959184e+00
5.20200000000000e-07;2.61030126336249e+00
5.21675000000000e-07;2.61030126336249e+00
5.23150000000000e-07;2.63168124392614e+00
5.24625000000000e-07;2.67881438289602e+00
5.26100000000000e-07;2.72740524781341e+00
5.27575000000000e-07;2.75072886297376e+00
5.29050000000000e-07;2.74246841593781e+00
5.30525000000000e-07;2.70894071914480e+00
5.32000000000000e-07;2.70019436345967e+00
5.33475000000000e-07;2.73177842565598e+00
5.34950000000000e-07;2.75267249757046e+00
5.36425000000000e-07;2.74878522837707e+00
5.37900000000000e-07;2.72740524781341e+00
5.39375000000000e-07;2.68464528668610e+00
5.40850000000000e-07;2.65014577259475e+00
5.42325000000000e-07;2.65549076773567e+00
5.43800000000000e-07;2.65840621963071e+00
5.45275000000000e-07;2.66569484936832e+00
5.46750000000000e-07;2.70553935860058e+00
5.48225000000000e-07;2.76093294460641e+00
5.49700000000000e-07;2.79203109815355e+00
5.51175000000000e-07;2.78085519922255e+00
5.52650000000000e-07;2.73372206025267e+00
5.54125000000000e-07;2.70262390670554e+00
5.55600000000000e-07;2.69727891156463e+00
5.57075000000000e-07;2.72643343051507e+00
5.58550000000000e-07;2.78036929057337e+00
5.60025000000000e-07;2.82507288629738e+00
5.61500000000000e-07;2.86345966958212e+00
5.62975000000000e-07;2.91010689990282e+00
5.64450000000000e-07;2.90864917395530e+00
5.65925000000000e-07;2.88581146744412e+00
5.67400000000000e-07;2.88435374149660e+00
5.68875000000000e-07;2.87803692905734e+00
5.70350000000000e-07;2.93440233236152e+00
5.71825000000000e-07;3.00097181729835e+00
5.73300000000000e-07;3.05490767735666e+00
5.74775000000000e-07;3.19533527696793e+00
5.76250000000000e-07;3.36637512147717e+00
5.77725000000000e-07;3.54907677356657e+00
5.79200000000000e-07;3.81098153547133e+00
5.80675000000000e-07;4.03547133138970e+00
5.82150000000000e-07;4.30417881438290e+00
5.83625000000000e-07;4.57191448007775e+00
5.85100000000000e-07;5.11273080660836e+00
5.86575000000000e-07;5.94606413994169e+00
5.88050000000000e-07;7.01166180758018e+00
5.89525000000000e-07;8.23615160349855e+00
5.91000000000000e-07;9.61418853255589e+00
5.92475000000000e-07;1.06331389698737e+01
5.93950000000000e-07;1.20252672497571e+01
5.95425000000000e-07;1.34737609329446e+01
5.96900000000000e-07;1.48532555879495e+01
5.98375000000000e-07;1.62555879494655e+01
5.99850000000000e-07;1.77152575315841e+01
6.01325000000000e-07;1.90354713313897e+01
6.02800000000000e-07;2.07069970845481e+01
6.04275000000000e-07;2.21637512147716e+01
6.05750000000000e-07;2.36287657920311e+01
6.07225000000000e-07;2.52264334305151e+01
6.08700000000000e-07;2.69854227405248e+01
6.10175000000000e-07;2.91613216715258e+01
6.11650000000000e-07;3.14096209912537e+01
6.13125000000000e-07;3.23673469387755e+01
6.14600000000000e-07;3.59062196307095e+01
6.16075000000000e-07;4.07827988338193e+01
6.17550000000000e-07;4.51608357628766e+01
6.19025000000000e-07;4.78002915451895e+01
6.20500000000000e-07;4.73663751214772e+01
6.21975000000000e-07;4.29528668610302e+01
6.23450000000000e-07;3.88309037900875e+01
6.24925000000000e-07;3.42152575315841e+01
6.26400000000000e-07;2.92740524781341e+01
6.27875000000000e-07;2.44421768707483e+01
6.29350000000000e-07;1.97463556851312e+01
6.30825000000000e-07;1.53211856171040e+01
6.32300000000000e-07;1.15714285714286e+01
6.33775000000000e-07;8.38289601554908e+00
6.35250000000000e-07;6.23080660835764e+00
6.36725000000000e-07;5.20796890184646e+00
6.38200000000000e-07;4.67735665694850e+00
6.39675000000000e-07;4.31681243926142e+00
6.41150000000000e-07;4.00291545189505e+00
6.42625000000000e-07;3.60981535471332e+00
6.44100000000000e-07;3.28134110787172e+00
6.45575000000000e-07;3.11807580174927e+00
6.47050000000000e-07;3.03644314868805e+00
6.48525000000000e-07;2.96064139941691e+00
6.50000000000000e-07;2.91399416909621e+00
6.51475000000000e-07;2.92759961127308e+00
6.52950000000000e-07;2.94412050534500e+00
6.54425000000000e-07;2.94266277939747e+00
6.55900000000000e-07;2.90670553935860e+00
6.57375000000000e-07;2.84936831875607e+00
6.58850000000000e-07;2.79154518950437e+00
6.60325000000000e-07;2.74003887269194e+00
6.61800000000000e-07;2.69630709426628e+00
6.63275000000000e-07;2.66666666666667e+00
6.64750000000000e-07;2.61758989310010e+00
6.66225000000000e-07;2.57580174927114e+00
6.67700000000000e-07;2.57774538386783e+00
6.69175000000000e-07;2.58746355685131e+00
6.70650000000000e-07;2.60106899902818e+00
6.72125000000000e-07;2.63168124392614e+00
6.73600000000000e-07;2.65403304178814e+00
6.75075000000000e-07;2.64042759961128e+00
6.76550000000000e-07;2.65549076773567e+00
6.78025000000000e-07;2.67784256559767e+00
6.79500000000000e-07;2.70626822157435e+00
6.80975000000000e-07;2.74076773566570e+00
