3.72700000000000e-07;1.00000000000000e+00
3.74175000000000e-07;1.00000000000000e+00
3.75650000000000e-07;1.00000000000000e+00
3.77125000000000e-07;1.00000000000000e+00
3.78600000000000e-07;1.00000000000000e+00
3.80075000000000e-07;1.00000000000000e+00
3.81550000000000e-07;1.01058201058201e+00
3.83025000000000e-07;9.94708994708996e-01
3.84500000000000e-07;9.62962962962964e-01
3.85975000000000e-07;9.15343915343916e-01
3.87450000000000e-07;8.99470899470900e-01
3.88925000000000e-07;9.15343915343916e-01
3.90400000000000e-07;9.73544973544974e-01
3.91875000000000e-07;9.78835978835980e-01
3.93350000000000e-07;9.78835978835980e-01
3.94825000000000e-07;9.62962962962964e-01
3.96300000000000e-07;9.68253968253969e-01
3.97775000000000e-07;9.84126984126985e-01
3.99250000000000e-07;1.01058201058201e+00
4.00725000000000e-07;1.00000000000000e+00
4.02200000000000e-07;1.00000000000000e+00
4.03675000000000e-07;1.05291005291005e+00
4.05150000000000e-07;9.41798941798943e-01
4.06625000000000e-07;8.20105820105821e-01
4.08100000000000e-07;7.35449735449736e-01
4.09575000000000e-07;7.35449735449736e-01
4.11050000000000e-07;8.20105820105821e-01
4.12525000000000e-07;9.36507936507937e-01
4.14000000000000e-07;1.07407407407408e+00
4.15475000000000e-07;1.21693121693122e+00
4.16950000000000e-07;1.24338624338624e+00
4.18425000000000e-07;1.08465608465609e+00
4.19900000000000e-07;7.30158730158731e-01
4.21375000000000e-07;2.75132275132275e-01
4.22850000000000e-07;-3.17460317460318e-02
4.24325000000000e-07;-3.28042328042328e-01
4.25800000000000e-07;4.55026455026455e-01
4.27275000000000e-07;1.64550264550265e+00
4.28750000000000e-07;3.12698412698413e+00
4.30225000000000e-07;4.42857142857143e+00
4.31700000000000e-07;6.01587301587302e+00
4.33175000000000e-07;7.44973544973545e+00
4.34650000000000e-07;9.75132275132276e+00
4.36125000000000e-07;1.21058201058201e+01
4.37600000000000e-07;1.62910052910053e+01
4.39075000000000e-07;1.98624338624339e+01
4.40550000000000e-07;2.24550264550265e+01
4.42025000000000e-07;2.20158730158730e+01
4.43500000000000e-07;1.93121693121693e+01
4.44975000000000e-07;1.46984126984127e+01
4.46450000000000e-07;1.19682539682540e+01
4.47925000000000e-07;1.00264550264550e+01
4.49400000000000e-07;9.47089947089948e+00
4.50875000000000e-07;8.86243386243387e+00
4.52350000000000e-07;8.39153439153440e+00
4.53825000000000e-07;6.53439153439154e+00
4.55300000000000e-07;4.68253968253969e+00
4.56775000000000e-07;2.91005291005291e+00
4.58250000000000e-07;1.73015873015873e+00
4.59725000000000e-07;9.31216931216932e-01
4.61200000000000e-07;5.87301587301588e-01
4.62675000000000e-07;9.52380952380953e-02
4.64150000000000e-07;-7.93650793650794e-02
4.65625000000000e-07;-3.17460317460318e-02
4.67100000000000e-07;0.00000000000000e+00
4.68575000000000e-07;0.00000000000000e+00
4.70050000000000e-07;0.00000000000000e+00
4.71525000000000e-07;0.00000000000000e+00
4.73000000000000e-07;0.00000000000000e+00
4.74475000000000e-07;0.00000000000000e+00
4.75950000000000e-07;0.00000000000000e+00
4.77425000000000e-07;0.00000000000000e+00
4.78900000000000e-07;0.00000000000000e+00
4.80375000000000e-07;0.00000000000000e+00
4.81850000000000e-07;0.00000000000000e+00
4.83325000000000e-07;0.00000000000000e+00
4.84800000000000e-07;0.00000000000000e+00
4.86275000000000e-07;0.00000000000000e+00
4.87750000000000e-07;0.00000000000000e+00
4.89225000000000e-07;0.00000000000000e+00
4.90700000000000e-07;0.00000000000000e+00
4.92175000000000e-07;0.00000000000000e+00
4.93650000000000e-07;-2.11640211640212e-02
4.95125000000000e-07;-8.46560846560847e-02
4.96600000000000e-07;1.21693121693122e-01
4.98075000000000e-07;5.23809523809524e-01
4.99550000000000e-07;8.99470899470900e-01
5.01025000000000e-07;9.94708994708995e-01
5.02500000000000e-07;8.99470899470900e-01
5.03975000000000e-07;6.08465608465609e-01
5.05450000000000e-07;5.50264550264551e-01
5.06925000000000e-07;4.12698412698413e-01
5.08400000000000e-07;4.55026455026455e-01
5.09875000000000e-07;5.07936507936508e-01
5.11350000000000e-07;6.93121693121694e-01
5.12825000000000e-07;9.10052910052911e-01
5.14300000000000e-07;1.08994708994709e+00
5.15775000000000e-07;9.84126984126985e-01
5.17250000000000e-07;9.15343915343916e-01
5.18725000000000e-07;8.09523809523810e-01
5.20200000000000e-07;7.35449735449736e-01
5.21675000000000e-07;7.24867724867725e-01
5.23150000000000e-07;7.14285714285715e-01
5.24625000000000e-07;7.35449735449736e-01
5.26100000000000e-07;7.14285714285715e-01
5.27575000000000e-07;6.61375661375662e-01
5.29050000000000e-07;6.61375661375662e-01
5.30525000000000e-07;6.93121693121694e-01
5.32000000000000e-07;7.46031746031747e-01
5.33475000000000e-07;7.98941798941800e-01
5.34950000000000e-07;8.67724867724868e-01
5.36425000000000e-07;9.20634920634921e-01
5.37900000000000e-07;9.73544973544974e-01
5.39375000000000e-07;9.94708994708996e-01
5.40850000000000e-07;1.01058201058201e+00
5.42325000000000e-07;1.00000000000000e+00
5.43800000000000e-07;1.00000000000000e+00
5.45275000000000e-07;1.00000000000000e+00
5.46750000000000e-07;1.00000000000000e+00
5.48225000000000e-07;1.00000000000000e+00
5.49700000000000e-07;1.00000000000000e+00
5.51175000000000e-07;1.00000000000000e+00
5.52650000000000e-07;1.00000000000000e+00
5.54125000000000e-07;1.00000000000000e+00
5.55600000000000e-07;1.00000000000000e+00
5.57075000000000e-07;1.00000000000000e+00
5.58550000000000e-07;1.00000000000000e+00
5.60025000000000e-07;1.00000000000000e+00
5.61500000000000e-07;1.00000000000000e+00
5.62975000000000e-07;1.00000000000000e+00
5.64450000000000e-07;1.00000000000000e+00
5.65925000000000e-07;1.00000000000000e+00
5.67400000000000e-07;1.00000000000000e+00
5.68875000000000e-07;1.00000000000000e+00
5.70350000000000e-07;1.00000000000000e+00
5.71825000000000e-07;1.00000000000000e+00
5.73300000000000e-07;1.00000000000000e+00
5.74775000000000e-07;1.00000000000000e+00
5.76250000000000e-07;1.00000000000000e+00
5.77725000000000e-07;1.00000000000000e+00
5.79200000000000e-07;1.00000000000000e+00
5.80675000000000e-07;1.00000000000000e+00
5.82150000000000e-07;1.00000000000000e+00
5.83625000000000e-07;1.00000000000000e+00
5.85100000000000e-07;1.00000000000000e+00
5.86575000000000e-07;1.00000000000000e+00
5.88050000000000e-07;1.00000000000000e+00
5.89525000000000e-07;1.00000000000000e+00
5.91000000000000e-07;1.00000000000000e+00
5.92475000000000e-07;1.00000000000000e+00
5.93950000000000e-07;1.00000000000000e+00
5.95425000000000e-07;1.00000000000000e+00
5.96900000000000e-07;1.00000000000000e+00
5.98375000000000e-07;1.00000000000000e+00
5.99850000000000e-07;1.00000000000000e+00
6.01325000000000e-07;1.00000000000000e+00
6.02800000000000e-07;1.00000000000000e+00
6.04275000000000e-07;1.00000000000000e+00
6.05750000000000e-07;1.00000000000000e+00
6.07225000000000e-07;1.00000000000000e+00
6.08700000000000e-07;1.00000000000000e+00
6.10175000000000e-07;1.00000000000000e+00
6.11650000000000e-07;1.00000000000000e+00
6.13125000000000e-07;1.00000000000000e+00
6.14600000000000e-07;1.00000000000000e+00
6.16075000000000e-07;1.00000000000000e+00
6.17550000000000e-07;1.00000000000000e+00
6.19025000000000e-07;1.00000000000000e+00
6.20500000000000e-07;1.00000000000000e+00
6.21975000000000e-07;1.00000000000000e+00
6.23450000000000e-07;1.00000000000000e+00
6.24925000000000e-07;1.00000000000000e+00
6.26400000000000e-07;1.00000000000000e+00
6.27875000000000e-07;1.00000000000000e+00
6.29350000000000e-07;1.00000000000000e+00
6.30825000000000e-07;1.00000000000000e+00
6.32300000000000e-07;1.00000000000000e+00
6.33775000000000e-07;1.00000000000000e+00
6.35250000000000e-07;1.00000000000000e+00
6.36725000000000e-07;1.00000000000000e+00
6.38200000000000e-07;1.00000000000000e+00
6.39675000000000e-07;1.00000000000000e+00
6.41150000000000e-07;1.00000000000000e+00
6.42625000000000e-07;1.00000000000000e+00
6.44100000000000e-07;1.00000000000000e+00
6.45575000000000e-07;1.00000000000000e+00
6.47050000000000e-07;1.00000000000000e+00
6.48525000000000e-07;1.00000000000000e+00
6.50000000000000e-07;1.00000000000000e+00
6.51475000000000e-07;1.00000000000000e+00
6.52950000000000e-07;1.00000000000000e+00
6.54425000000000e-07;1.00000000000000e+00
6.55900000000000e-07;1.00000000000000e+00
6.57375000000000e-07;1.00000000000000e+00
6.58850000000000e-07;1.00000000000000e+00
6.60325000000000e-07;1.00000000000000e+00
6.61800000000000e-07;1.00000000000000e+00
6.63275000000000e-07;1.00000000000000e+00
6.64750000000000e-07;1.00000000000000e+00
6.66225000000000e-07;1.00000000000000e+00
6.67700000000000e-07;1.00000000000000e+00
6.69175000000000e-07;1.00000000000000e+00
6.70650000000000e-07;1.00000000000000e+00
6.72125000000000e-07;1.00000000000000e+00
6.73600000000000e-07;1.00000000000000e+00
6.75075000000000e-07;1.00000000000000e+00
6.76550000000000e-07;1.00000000000000e+00
6.78025000000000e-07;1.00000000000000e+00
6.79500000000000e-07;1.00000000000000e+00
6.80975000000000e-07;1.00000000000000e+00
