3.72700000000000e-07;7.11428571428572e+00
3.74175000000000e-07;6.60000000000000e+00
3.75650000000000e-07;6.17142857142857e+00
3.77125000000000e-07;5.82857142857143e+00
3.78600000000000e-07;5.40952380952381e+00
3.80075000000000e-07;5.20000000000000e+00
3.81550000000000e-07;5.44761904761905e+00
3.83025000000000e-07;5.67619047619048e+00
3.84500000000000e-07;5.92380952380953e+00
3.85975000000000e-07;6.11428571428572e+00
3.87450000000000e-07;6.30476190476191e+00
3.88925000000000e-07;6.38095238095239e+00
3.90400000000000e-07;6.43809523809524e+00
3.91875000000000e-07;6.40000000000001e+00
3.93350000000000e-07;6.40000000000000e+00
3.94825000000000e-07;6.40000000000001e+00
3.96300000000000e-07;6.43809523809524e+00
3.97775000000000e-07;6.38095238095238e+00
3.99250000000000e-07;6.22857142857143e+00
4.00725000000000e-07;6.15238095238096e+00
4.02200000000000e-07;6.19047619047620e+00
4.03675000000000e-07;6.20952380952381e+00
4.05150000000000e-07;6.24761904761905e+00
4.06625000000000e-07;6.11428571428572e+00
4.08100000000000e-07;6.04761904761905e+00
4.09575000000000e-07;6.14285714285715e+00
4.11050000000000e-07;6.42857142857144e+00
4.12525000000000e-07;6.60952380952381e+00
4.14000000000000e-07;6.73333333333334e+00
4.15475000000000e-07;6.66666666666667e+00
4.16950000000000e-07;6.67619047619048e+00
4.18425000000000e-07;6.81904761904763e+00
4.19900000000000e-07;7.45714285714286e+00
4.21375000000000e-07;8.69523809523810e+00
4.22850000000000e-07;1.12857142857143e+01
4.24325000000000e-07;1.35714285714286e+01
4.25800000000000e-07;1.46380952380952e+01
4.27275000000000e-07;1.55238095238095e+01
4.28750000000000e-07;2.13904761904762e+01
4.30225000000000e-07;3.50190476190476e+01
4.31700000000000e-07;5.32476190476191e+01
4.33175000000000e-07;7.26000000000001e+01
4.34650000000000e-07;8.99809523809525e+01
4.36125000000000e-07;1.06961904761905e+02
4.37600000000000e-07;1.24847619047619e+02
4.39075000000000e-07;1.46714285714286e+02
4.40550000000000e-07;1.69361904761905e+02
4.42025000000000e-07;1.93171428571429e+02
4.43500000000000e-07;2.14542857142857e+02
4.44975000000000e-07;2.33752380952381e+02
4.46450000000000e-07;2.45447619047619e+02
4.47925000000000e-07;2.51695238095238e+02
4.49400000000000e-07;2.53171428571429e+02
4.50875000000000e-07;2.52952380952381e+02
4.52350000000000e-07;2.52247619047619e+02
4.53825000000000e-07;2.53076190476191e+02
4.55300000000000e-07;2.52123809523810e+02
4.56775000000000e-07;2.48533333333334e+02
4.58250000000000e-07;2.40828571428572e+02
4.59725000000000e-07;2.28666666666667e+02
4.61200000000000e-07;2.14523809523810e+02
4.62675000000000e-07;1.99800000000000e+02
4.64150000000000e-07;1.84704761904762e+02
4.65625000000000e-07;1.69200000000000e+02
4.67100000000000e-07;1.54666666666667e+02
4.68575000000000e-07;1.38733333333333e+02
4.70050000000000e-07;1.22876190476191e+02
4.71525000000000e-07;1.06619047619048e+02
4.73000000000000e-07;9.26666666666667e+01
4.74475000000000e-07;7.99428571428572e+01
4.75950000000000e-07;6.84476190476191e+01
4.77425000000000e-07;5.55428571428572e+01
4.78900000000000e-07;4.46000000000000e+01
4.80375000000000e-07;3.52285714285715e+01
4.81850000000000e-07;2.95142857142857e+01
4.83325000000000e-07;2.58000000000000e+01
4.84800000000000e-07;2.22952380952381e+01
4.86275000000000e-07;1.76952380952381e+01
4.87750000000000e-07;1.46095238095238e+01
4.89225000000000e-07;1.28000000000000e+01
4.90700000000000e-07;1.19523809523810e+01
4.92175000000000e-07;1.15428571428572e+01
4.93650000000000e-07;1.12476190476191e+01
4.95125000000000e-07;1.02666666666667e+01
4.96600000000000e-07;9.04761904761905e+00
4.98075000000000e-07;7.66666666666667e+00
4.99550000000000e-07;6.39047619047620e+00
5.01025000000000e-07;5.74285714285715e+00
5.02500000000000e-07;5.61904761904762e+00
5.03975000000000e-07;5.70476190476191e+00
5.05450000000000e-07;5.76190476190477e+00
5.06925000000000e-07;5.63809523809524e+00
5.08400000000000e-07;5.56190476190477e+00
5.09875000000000e-07;5.63809523809524e+00
5.11350000000000e-07;5.58095238095239e+00
5.12825000000000e-07;5.46666666666667e+00
5.14300000000000e-07;5.33333333333334e+00
5.15775000000000e-07;5.21904761904762e+00
5.17250000000000e-07;5.08571428571429e+00
5.18725000000000e-07;5.23809523809524e+00
5.20200000000000e-07;5.46666666666667e+00
5.21675000000000e-07;5.73333333333334e+00
5.23150000000000e-07;5.92380952380953e+00
5.24625000000000e-07;6.09523809523810e+00
5.26100000000000e-07;6.17142857142858e+00
5.27575000000000e-07;6.28571428571429e+00
5.29050000000000e-07;6.22857142857143e+00
5.30525000000000e-07;6.03809523809524e+00
5.32000000000000e-07;5.80952380952381e+00
5.33475000000000e-07;5.64761904761905e+00
5.34950000000000e-07;5.31428571428572e+00
5.36425000000000e-07;4.86666666666667e+00
5.37900000000000e-07;4.36190476190477e+00
5.39375000000000e-07;3.99047619047619e+00
5.40850000000000e-07;3.90476190476191e+00
5.42325000000000e-07;4.00000000000000e+00
5.43800000000000e-07;4.00000000000000e+00
5.45275000000000e-07;4.00000000000000e+00
5.46750000000000e-07;4.00000000000000e+00
5.48225000000000e-07;4.00000000000000e+00
5.49700000000000e-07;4.00000000000000e+00
5.51175000000000e-07;4.00000000000000e+00
5.52650000000000e-07;4.00000000000000e+00
5.54125000000000e-07;3.96190476190476e+00
5.55600000000000e-07;4.01904761904762e+00
5.57075000000000e-07;4.13333333333334e+00
5.58550000000000e-07;4.26666666666667e+00
5.60025000000000e-07;4.38095238095238e+00
5.61500000000000e-07;4.43809523809524e+00
5.62975000000000e-07;4.40000000000000e+00
5.64450000000000e-07;4.40000000000000e+00
5.65925000000000e-07;4.40000000000000e+00
5.67400000000000e-07;4.40000000000000e+00
5.68875000000000e-07;4.40000000000000e+00
5.70350000000000e-07;4.36190476190477e+00
5.71825000000000e-07;4.41904761904762e+00
5.73300000000000e-07;4.53333333333334e+00
5.74775000000000e-07;4.66666666666667e+00
5.76250000000000e-07;4.78095238095238e+00
5.77725000000000e-07;4.83809523809524e+00
5.79200000000000e-07;4.83809523809524e+00
5.80675000000000e-07;4.81904761904762e+00
5.82150000000000e-07;4.64761904761905e+00
5.83625000000000e-07;4.40000000000000e+00
5.85100000000000e-07;4.15238095238095e+00
5.86575000000000e-07;3.98095238095238e+00
5.88050000000000e-07;3.96190476190476e+00
5.89525000000000e-07;4.00000000000000e+00
5.91000000000000e-07;4.00000000000000e+00
5.92475000000000e-07;3.92380952380953e+00
5.93950000000000e-07;4.03809523809524e+00
5.95425000000000e-07;4.26666666666667e+00
5.96900000000000e-07;4.53333333333334e+00
5.98375000000000e-07;4.76190476190477e+00
5.99850000000000e-07;4.87619047619048e+00
6.01325000000000e-07;4.80000000000000e+00
6.02800000000000e-07;4.80000000000000e+00
6.04275000000000e-07;4.83809523809524e+00
6.05750000000000e-07;4.78095238095238e+00
6.07225000000000e-07;4.66666666666667e+00
6.08700000000000e-07;4.53333333333334e+00
6.10175000000000e-07;4.40000000000000e+00
6.11650000000000e-07;4.35238095238096e+00
6.13125000000000e-07;4.49523809523810e+00
6.14600000000000e-07;4.59047619047619e+00
6.16075000000000e-07;4.69523809523810e+00
6.17550000000000e-07;4.63809523809524e+00
6.19025000000000e-07;4.50476190476191e+00
6.20500000000000e-07;4.40000000000000e+00
6.21975000000000e-07;4.34285714285715e+00
6.23450000000000e-07;4.28571428571429e+00
6.24925000000000e-07;4.28571428571429e+00
6.26400000000000e-07;4.20952380952381e+00
6.27875000000000e-07;4.20000000000000e+00
6.29350000000000e-07;4.19047619047619e+00
6.30825000000000e-07;4.13333333333334e+00
6.32300000000000e-07;4.06666666666667e+00
6.33775000000000e-07;4.00952380952381e+00
6.35250000000000e-07;3.98095238095238e+00
6.36725000000000e-07;4.00000000000000e+00
6.38200000000000e-07;4.00000000000000e+00
6.39675000000000e-07;4.00000000000000e+00
6.41150000000000e-07;4.00000000000000e+00
6.42625000000000e-07;4.00000000000000e+00
6.44100000000000e-07;4.00000000000000e+00
6.45575000000000e-07;4.00000000000000e+00
6.47050000000000e-07;4.00000000000000e+00
6.48525000000000e-07;4.00000000000000e+00
6.50000000000000e-07;4.00000000000000e+00
6.51475000000000e-07;3.98095238095238e+00
6.52950000000000e-07;4.00952380952381e+00
6.54425000000000e-07;4.06666666666667e+00
6.55900000000000e-07;4.15238095238096e+00
6.57375000000000e-07;4.18095238095238e+00
6.58850000000000e-07;4.15238095238096e+00
6.60325000000000e-07;4.06666666666667e+00
6.61800000000000e-07;4.00952380952381e+00
6.63275000000000e-07;3.94285714285715e+00
6.64750000000000e-07;3.98095238095238e+00
6.66225000000000e-07;4.19047619047619e+00
6.67700000000000e-07;4.41904761904762e+00
6.69175000000000e-07;4.53333333333334e+00
6.70650000000000e-07;4.40000000000000e+00
6.72125000000000e-07;4.05714285714286e+00
6.73600000000000e-07;3.67619047619048e+00
6.75075000000000e-07;3.58095238095238e+00
6.76550000000000e-07;3.70476190476191e+00
6.78025000000000e-07;3.82857142857143e+00
6.79500000000000e-07;4.04285714285715e+00
6.80975000000000e-07;4.34761904761905e+00
