3.72700000000000e-07;1.00000000000000e+00
3.74175000000000e-07;1.00000000000000e+00
3.75650000000000e-07;1.00000000000000e+00
3.77125000000000e-07;1.00000000000000e+00
3.78600000000000e-07;1.00000000000000e+00
3.80075000000000e-07;1.00000000000000e+00
3.81550000000000e-07;1.00000000000000e+00
3.83025000000000e-07;1.00000000000000e+00
3.84500000000000e-07;1.00000000000000e+00
3.85975000000000e-07;1.00000000000000e+00
3.87450000000000e-07;1.00000000000000e+00
3.88925000000000e-07;1.00000000000000e+00
3.90400000000000e-07;1.00000000000000e+00
3.91875000000000e-07;1.00000000000000e+00
3.93350000000000e-07;1.00000000000000e+00
3.94825000000000e-07;1.00000000000000e+00
3.96300000000000e-07;1.00000000000000e+00
3.97775000000000e-07;1.00000000000000e+00
3.99250000000000e-07;1.00000000000000e+00
4.00725000000000e-07;1.00000000000000e+00
4.02200000000000e-07;1.00000000000000e+00
4.03675000000000e-07;1.00000000000000e+00
4.05150000000000e-07;1.00000000000000e+00
4.06625000000000e-07;1.00000000000000e+00
4.08100000000000e-07;1.00000000000000e+00
4.09575000000000e-07;1.00000000000000e+00
4.11050000000000e-07;1.00000000000000e+00
4.12525000000000e-07;1.00000000000000e+00
4.14000000000000e-07;1.00000000000000e+00
4.15475000000000e-07;1.00000000000000e+00
4.16950000000000e-07;1.00000000000000e+00
4.18425000000000e-07;1.00000000000000e+00
4.19900000000000e-07;1.00000000000000e+00
4.21375000000000e-07;1.00000000000000e+00
4.22850000000000e-07;1.00000000000000e+00
4.24325000000000e-07;1.00000000000000e+00
4.25800000000000e-07;1.00000000000000e+00
4.27275000000000e-07;1.00000000000000e+00
4.28750000000000e-07;1.00000000000000e+00
4.30225000000000e-07;1.00000000000000e+00
4.31700000000000e-07;1.00000000000000e+00
4.33175000000000e-07;1.00000000000000e+00
4.34650000000000e-07;1.00000000000000e+00
4.36125000000000e-07;1.00000000000000e+00
4.37600000000000e-07;1.00000000000000e+00
4.39075000000000e-07;1.00000000000000e+00
4.40550000000000e-07;1.00000000000000e+00
4.42025000000000e-07;1.00000000000000e+00
4.43500000000000e-07;1.00000000000000e+00
4.44975000000000e-07;1.01058201058201e+00
4.46450000000000e-07;9.94708994708996e-01
4.47925000000000e-07;9.62962962962964e-01
4.49400000000000e-07;9.25925925925927e-01
4.50875000000000e-07;8.83597883597884e-01
4.52350000000000e-07;8.83597883597884e-01
4.53825000000000e-07;9.25925925925927e-01
4.55300000000000e-07;9.62962962962964e-01
4.56775000000000e-07;9.94708994708996e-01
4.58250000000000e-07;1.01058201058201e+00
4.59725000000000e-07;1.00000000000000e+00
4.61200000000000e-07;1.00000000000000e+00
4.62675000000000e-07;1.00000000000000e+00
4.64150000000000e-07;1.00000000000000e+00
4.65625000000000e-07;1.00000000000000e+00
4.67100000000000e-07;1.00000000000000e+00
4.68575000000000e-07;1.00000000000000e+00
4.70050000000000e-07;1.00000000000000e+00
4.71525000000000e-07;1.00000000000000e+00
4.73000000000000e-07;1.00000000000000e+00
4.74475000000000e-07;1.00000000000000e+00
4.75950000000000e-07;1.00000000000000e+00
4.77425000000000e-07;1.00000000000000e+00
4.78900000000000e-07;1.00000000000000e+00
4.80375000000000e-07;1.00000000000000e+00
4.81850000000000e-07;1.00000000000000e+00
4.83325000000000e-07;1.00000000000000e+00
4.84800000000000e-07;1.00000000000000e+00
4.86275000000000e-07;1.00000000000000e+00
4.87750000000000e-07;1.00000000000000e+00
4.89225000000000e-07;1.00000000000000e+00
4.90700000000000e-07;1.00000000000000e+00
4.92175000000000e-07;1.00000000000000e+00
4.93650000000000e-07;1.00000000000000e+00
4.95125000000000e-07;1.00000000000000e+00
4.96600000000000e-07;1.00000000000000e+00
4.98075000000000e-07;1.00000000000000e+00
4.99550000000000e-07;1.00000000000000e+00
5.01025000000000e-07;1.00000000000000e+00
5.02500000000000e-07;1.00000000000000e+00
5.03975000000000e-07;1.00000000000000e+00
5.05450000000000e-07;1.00000000000000e+00
5.06925000000000e-07;1.00000000000000e+00
5.08400000000000e-07;1.00000000000000e+00
5.09875000000000e-07;1.01058201058201e+00
5.11350000000000e-07;9.84126984126985e-01
5.12825000000000e-07;9.68253968253969e-01
5.14300000000000e-07;9.62962962962964e-01
5.15775000000000e-07;9.68253968253969e-01
5.17250000000000e-07;9.84126984126985e-01
5.18725000000000e-07;1.01058201058201e+00
5.20200000000000e-07;1.00000000000000e+00
5.21675000000000e-07;1.00000000000000e+00
5.23150000000000e-07;1.00000000000000e+00
5.24625000000000e-07;1.00000000000000e+00
5.26100000000000e-07;1.00000000000000e+00
5.27575000000000e-07;1.00000000000000e+00
5.29050000000000e-07;1.00000000000000e+00
5.30525000000000e-07;1.00000000000000e+00
5.32000000000000e-07;1.00000000000000e+00
5.33475000000000e-07;1.05291005291005e+00
5.34950000000000e-07;9.52380952380953e-01
5.36425000000000e-07;8.25396825396826e-01
5.37900000000000e-07;7.03703703703704e-01
5.39375000000000e-07;5.87301587301588e-01
5.40850000000000e-07;6.19047619047620e-01
5.42325000000000e-07;7.98941798941800e-01
5.43800000000000e-07;8.88888888888890e-01
5.45275000000000e-07;9.41798941798942e-01
5.46750000000000e-07;1.01058201058201e+00
5.48225000000000e-07;1.21164021164021e+00
5.49700000000000e-07;1.42328042328042e+00
5.51175000000000e-07;1.57142857142857e+00
5.52650000000000e-07;1.61375661375661e+00
5.54125000000000e-07;1.48677248677249e+00
5.55600000000000e-07;1.39153439153439e+00
5.57075000000000e-07;1.52910052910053e+00
5.58550000000000e-07;1.67724867724868e+00
5.60025000000000e-07;1.76719576719577e+00
5.61500000000000e-07;1.82539682539683e+00
5.62975000000000e-07;1.96296296296296e+00
5.64450000000000e-07;2.21693121693122e+00
5.65925000000000e-07;2.46031746031746e+00
5.67400000000000e-07;2.66137566137566e+00
5.68875000000000e-07;2.64550264550265e+00
5.70350000000000e-07;2.78306878306879e+00
5.71825000000000e-07;3.07407407407408e+00
5.73300000000000e-07;3.94179894179894e+00
5.74775000000000e-07;5.24867724867725e+00
5.76250000000000e-07;7.45502645502646e+00
5.77725000000000e-07;1.06984126984127e+01
5.79200000000000e-07;1.62804232804233e+01
5.80675000000000e-07;2.41534391534392e+01
5.82150000000000e-07;3.46349206349207e+01
5.83625000000000e-07;4.57142857142858e+01
5.85100000000000e-07;6.11746031746032e+01
5.86575000000000e-07;8.10476190476191e+01
5.88050000000000e-07;1.03328042328042e+02
5.89525000000000e-07;1.26116402116402e+02
5.91000000000000e-07;1.45259259259259e+02
5.92475000000000e-07;1.59312169312169e+02
5.93950000000000e-07;1.73068783068783e+02
5.95425000000000e-07;1.88089947089947e+02
5.96900000000000e-07;2.01534391534392e+02
5.98375000000000e-07;2.14761904761905e+02
5.99850000000000e-07;2.25407407407408e+02
6.01325000000000e-07;2.35486772486773e+02
6.02800000000000e-07;2.43873015873016e+02
6.04275000000000e-07;2.51349206349207e+02
6.05750000000000e-07;2.53650793650794e+02
6.07225000000000e-07;2.51756613756614e+02
6.08700000000000e-07;2.48380952380953e+02
6.10175000000000e-07;2.46216931216931e+02
6.11650000000000e-07;2.45534391534392e+02
6.13125000000000e-07;2.45788359788360e+02
6.14600000000000e-07;2.47312169312170e+02
6.16075000000000e-07;2.49031746031746e+02
6.17550000000000e-07;2.51698412698413e+02
6.19025000000000e-07;2.55148148148148e+02
6.20500000000000e-07;2.55280423280423e+02
6.21975000000000e-07;2.49359788359788e+02
6.23450000000000e-07;2.44259259259259e+02
6.24925000000000e-07;2.43084656084656e+02
6.26400000000000e-07;2.46079365079365e+02
6.27875000000000e-07;2.50502645502646e+02
6.29350000000000e-07;2.45640211640212e+02
6.30825000000000e-07;2.28010582010582e+02
6.32300000000000e-07;2.01962962962963e+02
6.33775000000000e-07;1.70370370370370e+02
6.35250000000000e-07;1.39507936507937e+02
6.36725000000000e-07;1.10703703703704e+02
6.38200000000000e-07;8.61005291005292e+01
6.39675000000000e-07;6.55608465608466e+01
6.41150000000000e-07;4.98571428571429e+01
6.42625000000000e-07;3.55291005291006e+01
6.44100000000000e-07;2.52222222222222e+01
6.45575000000000e-07;1.71851851851852e+01
6.47050000000000e-07;1.35661375661376e+01
6.48525000000000e-07;1.13068783068783e+01
6.50000000000000e-07;9.80952380952382e+00
6.51475000000000e-07;7.34391534391535e+00
6.52950000000000e-07;5.32275132275133e+00
6.54425000000000e-07;3.73015873015873e+00
6.55900000000000e-07;2.89417989417990e+00
6.57375000000000e-07;2.37566137566138e+00
6.58850000000000e-07;2.20105820105820e+00
6.60325000000000e-07;2.02645502645503e+00
6.61800000000000e-07;2.05291005291005e+00
6.63275000000000e-07;2.12698412698413e+00
6.64750000000000e-07;2.38624338624339e+00
6.66225000000000e-07;2.36507936507937e+00
6.67700000000000e-07;2.08994708994709e+00
6.69175000000000e-07;1.79365079365080e+00
6.70650000000000e-07;1.55026455026455e+00
6.72125000000000e-07;1.39153439153439e+00
6.73600000000000e-07;1.35978835978836e+00
6.75075000000000e-07;1.21164021164021e+00
6.76550000000000e-07;1.00000000000000e+00
6.78025000000000e-07;9.04761904761905e-01
6.79500000000000e-07;8.65079365079366e-01
6.80975000000000e-07;8.80952380952382e-01
