3.72700000000000e-07;1.09523809523810e+00
3.74175000000000e-07;1.00000000000000e+00
3.75650000000000e-07;8.57142857142857e-01
3.77125000000000e-07;6.66666666666667e-01
3.78600000000000e-07;3.33333333333334e-01
3.80075000000000e-07;-1.42857142857143e-01
3.81550000000000e-07;0.00000000000000e+00
3.83025000000000e-07;6.66666666666667e-01
3.84500000000000e-07;1.33333333333333e+00
3.85975000000000e-07;1.90476190476191e+00
3.87450000000000e-07;2.19047619047619e+00
3.88925000000000e-07;2.00000000000000e+00
3.90400000000000e-07;2.00000000000000e+00
3.91875000000000e-07;2.09523809523810e+00
3.93350000000000e-07;1.95238095238095e+00
3.94825000000000e-07;1.66666666666667e+00
3.96300000000000e-07;1.33333333333333e+00
3.97775000000000e-07;1.04761904761905e+00
3.99250000000000e-07;9.04761904761905e-01
4.00725000000000e-07;1.00000000000000e+00
4.02200000000000e-07;1.00000000000000e+00
4.03675000000000e-07;1.00000000000000e+00
4.05150000000000e-07;1.00000000000000e+00
4.06625000000000e-07;1.00000000000000e+00
4.08100000000000e-07;1.00000000000000e+00
4.09575000000000e-07;1.00000000000000e+00
4.11050000000000e-07;1.00000000000000e+00
4.12525000000000e-07;1.00000000000000e+00
4.14000000000000e-07;1.00000000000000e+00
4.15475000000000e-07;1.00000000000000e+00
4.16950000000000e-07;1.00000000000000e+00
4.18425000000000e-07;1.00000000000000e+00
4.19900000000000e-07;1.00000000000000e+00
4.21375000000000e-07;1.00000000000000e+00
4.22850000000000e-07;1.00000000000000e+00
4.24325000000000e-07;1.00000000000000e+00
4.25800000000000e-07;1.00000000000000e+00
4.27275000000000e-07;9.04761904761905e-01
4.28750000000000e-07;1.04761904761905e+00
4.30225000000000e-07;1.33333333333333e+00
4.31700000000000e-07;1.66666666666667e+00
4.33175000000000e-07;1.95238095238095e+00
4.34650000000000e-07;2.09523809523810e+00
4.36125000000000e-07;2.00000000000000e+00
4.37600000000000e-07;2.00000000000000e+00
4.39075000000000e-07;2.00000000000000e+00
4.40550000000000e-07;2.00000000000000e+00
4.42025000000000e-07;2.00000000000000e+00
4.43500000000000e-07;2.00000000000000e+00
4.44975000000000e-07;2.00000000000000e+00
4.46450000000000e-07;1.90476190476191e+00
4.47925000000000e-07;2.04761904761905e+00
4.49400000000000e-07;2.33333333333334e+00
4.50875000000000e-07;2.57142857142857e+00
4.52350000000000e-07;3.00000000000000e+00
4.53825000000000e-07;3.42857142857143e+00
4.55300000000000e-07;3.57142857142857e+00
4.56775000000000e-07;4.00000000000000e+00
4.58250000000000e-07;4.23809523809524e+00
4.59725000000000e-07;4.57142857142857e+00
4.61200000000000e-07;5.61904761904762e+00
4.62675000000000e-07;6.85714285714286e+00
4.64150000000000e-07;8.52380952380953e+00
4.65625000000000e-07;1.03809523809524e+01
4.67100000000000e-07;1.27619047619048e+01
4.68575000000000e-07;1.56190476190476e+01
4.70050000000000e-07;1.92857142857143e+01
4.71525000000000e-07;2.31904761904762e+01
4.73000000000000e-07;2.81904761904762e+01
4.74475000000000e-07;3.30952380952381e+01
4.75950000000000e-07;3.91428571428572e+01
4.77425000000000e-07;4.63333333333334e+01
4.78900000000000e-07;5.41428571428572e+01
4.80375000000000e-07;6.12857142857143e+01
4.81850000000000e-07;6.93809523809524e+01
4.83325000000000e-07;7.70476190476191e+01
4.84800000000000e-07;8.40000000000001e+01
4.86275000000000e-07;9.12857142857143e+01
4.87750000000000e-07;9.81904761904763e+01
4.89225000000000e-07;1.06238095238095e+02
4.90700000000000e-07;1.15476190476191e+02
4.92175000000000e-07;1.27571428571429e+02
4.93650000000000e-07;1.40047619047619e+02
4.95125000000000e-07;1.50428571428572e+02
4.96600000000000e-07;1.61000000000000e+02
4.98075000000000e-07;1.70619047619048e+02
4.99550000000000e-07;1.76523809523810e+02
5.01025000000000e-07;1.81000000000000e+02
5.02500000000000e-07;1.81857142857143e+02
5.03975000000000e-07;1.79095238095238e+02
5.05450000000000e-07;1.78428571428572e+02
5.06925000000000e-07;1.78476190476191e+02
5.08400000000000e-07;1.79571428571429e+02
5.09875000000000e-07;1.82809523809524e+02
5.11350000000000e-07;1.85904761904762e+02
5.12825000000000e-07;1.89190476190476e+02
5.14300000000000e-07;1.93142857142857e+02
5.15775000000000e-07;1.96571428571429e+02
5.17250000000000e-07;1.98190476190476e+02
5.18725000000000e-07;1.98619047619048e+02
5.20200000000000e-07;1.95238095238095e+02
5.21675000000000e-07;1.88047619047619e+02
5.23150000000000e-07;1.80952380952381e+02
5.24625000000000e-07;1.74714285714286e+02
5.26100000000000e-07;1.71190476190476e+02
5.27575000000000e-07;1.69952380952381e+02
5.29050000000000e-07;1.68857142857143e+02
5.30525000000000e-07;1.65904761904762e+02
5.32000000000000e-07;1.63142857142857e+02
5.33475000000000e-07;1.59285714285714e+02
5.34950000000000e-07;1.56761904761905e+02
5.36425000000000e-07;1.56047619047619e+02
5.37900000000000e-07;1.52380952380952e+02
5.39375000000000e-07;1.48523809523810e+02
5.40850000000000e-07;1.42809523809524e+02
5.42325000000000e-07;1.35761904761905e+02
5.43800000000000e-07;1.28285714285714e+02
5.45275000000000e-07;1.22095238095238e+02
5.46750000000000e-07;1.13380952380952e+02
5.48225000000000e-07;1.06857142857143e+02
5.49700000000000e-07;1.00761904761905e+02
5.51175000000000e-07;9.49047619047620e+01
5.52650000000000e-07;8.74285714285715e+01
5.54125000000000e-07;7.85714285714286e+01
5.55600000000000e-07;7.06190476190477e+01
5.57075000000000e-07;6.33333333333334e+01
5.58550000000000e-07;5.82380952380953e+01
5.60025000000000e-07;5.47142857142858e+01
5.61500000000000e-07;5.11904761904762e+01
5.62975000000000e-07;4.70000000000000e+01
5.64450000000000e-07;4.33333333333334e+01
5.65925000000000e-07;3.76666666666667e+01
5.67400000000000e-07;3.13333333333334e+01
5.68875000000000e-07;2.59523809523810e+01
5.70350000000000e-07;2.17619047619048e+01
5.71825000000000e-07;1.93333333333333e+01
5.73300000000000e-07;1.80000000000000e+01
5.74775000000000e-07;1.67142857142857e+01
5.76250000000000e-07;1.53333333333333e+01
5.77725000000000e-07;1.40952380952381e+01
5.79200000000000e-07;1.25238095238095e+01
5.80675000000000e-07;1.10952380952381e+01
5.82150000000000e-07;9.23809523809524e+00
5.83625000000000e-07;7.57142857142858e+00
5.85100000000000e-07;6.61904761904762e+00
5.86575000000000e-07;6.04761904761905e+00
5.88050000000000e-07;5.42857142857143e+00
5.89525000000000e-07;5.09523809523810e+00
5.91000000000000e-07;4.33333333333334e+00
5.92475000000000e-07;3.71428571428572e+00
5.93950000000000e-07;3.19047619047619e+00
5.95425000000000e-07;2.71428571428572e+00
5.96900000000000e-07;2.23809523809524e+00
5.98375000000000e-07;2.04761904761905e+00
5.99850000000000e-07;1.90476190476191e+00
6.01325000000000e-07;2.00000000000000e+00
6.02800000000000e-07;2.00000000000000e+00
6.04275000000000e-07;2.09523809523810e+00
6.05750000000000e-07;1.95238095238095e+00
6.07225000000000e-07;1.66666666666667e+00
6.08700000000000e-07;1.33333333333333e+00
6.10175000000000e-07;1.04761904761905e+00
6.11650000000000e-07;9.04761904761905e-01
6.13125000000000e-07;1.00000000000000e+00
6.14600000000000e-07;1.00000000000000e+00
6.16075000000000e-07;9.04761904761905e-01
6.17550000000000e-07;1.14285714285714e+00
6.19025000000000e-07;1.28571428571429e+00
6.20500000000000e-07;1.33333333333333e+00
6.21975000000000e-07;1.28571428571429e+00
6.23450000000000e-07;1.23809523809524e+00
6.24925000000000e-07;8.57142857142858e-01
6.26400000000000e-07;6.66666666666667e-01
6.27875000000000e-07;2.38095238095238e-01
6.29350000000000e-07;9.52380952380953e-02
6.30825000000000e-07;2.38095238095238e-01
6.32300000000000e-07;6.66666666666667e-01
6.33775000000000e-07;9.52380952380953e-01
6.35250000000000e-07;1.09523809523810e+00
6.36725000000000e-07;1.00000000000000e+00
6.38200000000000e-07;1.00000000000000e+00
6.39675000000000e-07;1.00000000000000e+00
6.41150000000000e-07;1.00000000000000e+00
6.42625000000000e-07;1.09523809523810e+00
6.44100000000000e-07;9.52380952380953e-01
6.45575000000000e-07;6.66666666666667e-01
6.47050000000000e-07;3.33333333333334e-01
6.48525000000000e-07;4.76190476190476e-02
6.50000000000000e-07;-9.52380952380953e-02
6.51475000000000e-07;-9.52380952380953e-02
6.52950000000000e-07;4.76190476190476e-02
6.54425000000000e-07;3.33333333333334e-01
6.55900000000000e-07;6.66666666666667e-01
6.57375000000000e-07;9.52380952380953e-01
6.58850000000000e-07;1.09523809523810e+00
6.60325000000000e-07;1.00000000000000e+00
6.61800000000000e-07;1.00000000000000e+00
6.63275000000000e-07;1.00000000000000e+00
6.64750000000000e-07;1.00000000000000e+00
6.66225000000000e-07;1.00000000000000e+00
6.67700000000000e-07;1.00000000000000e+00
6.69175000000000e-07;1.00000000000000e+00
6.70650000000000e-07;1.00000000000000e+00
6.72125000000000e-07;1.00000000000000e+00
6.73600000000000e-07;1.00000000000000e+00
6.75075000000000e-07;1.09523809523810e+00
6.76550000000000e-07;9.52380952380953e-01
6.78025000000000e-07;7.14285714285714e-01
6.79500000000000e-07;3.57142857142857e-01
6.80975000000000e-07;-1.19047619047620e-01
