3.72700000000000e-07;1.42857142857143e-01
3.74175000000000e-07;1.42857142857143e-01
3.75650000000000e-07;1.42857142857143e-01
3.77125000000000e-07;1.42857142857143e-01
3.78600000000000e-07;1.29251700680272e-01
3.80075000000000e-07;1.22448979591837e-01
3.81550000000000e-07;2.04081632653061e-01
3.83025000000000e-07;3.33333333333334e-01
3.84500000000000e-07;4.69387755102041e-01
3.85975000000000e-07;5.71428571428572e-01
3.87450000000000e-07;5.98639455782313e-01
3.88925000000000e-07;5.30612244897959e-01
3.90400000000000e-07;5.91836734693878e-01
3.91875000000000e-07;6.73469387755102e-01
3.93350000000000e-07;8.63945578231293e-01
3.94825000000000e-07;1.14285714285714e+00
3.96300000000000e-07;1.36734693877551e+00
3.97775000000000e-07;1.46938775510204e+00
3.99250000000000e-07;1.50340136054422e+00
4.00725000000000e-07;1.37414965986395e+00
4.02200000000000e-07;1.31972789115646e+00
4.03675000000000e-07;1.36734693877551e+00
4.05150000000000e-07;1.51020408163265e+00
4.06625000000000e-07;1.80952380952381e+00
4.08100000000000e-07;1.90476190476191e+00
4.09575000000000e-07;1.87074829931973e+00
4.11050000000000e-07;1.88435374149660e+00
4.12525000000000e-07;2.10884353741497e+00
4.14000000000000e-07;2.53741496598640e+00
4.15475000000000e-07;2.95238095238095e+00
4.16950000000000e-07;3.35374149659864e+00
4.18425000000000e-07;3.91836734693878e+00
4.19900000000000e-07;5.16326530612245e+00
4.21375000000000e-07;7.41496598639456e+00
4.22850000000000e-07;1.04489795918367e+01
4.24325000000000e-07;1.35034013605442e+01
4.25800000000000e-07;1.78911564625850e+01
4.27275000000000e-07;2.34421768707483e+01
4.28750000000000e-07;3.15238095238095e+01
4.30225000000000e-07;4.10136054421769e+01
4.31700000000000e-07;5.09795918367347e+01
4.33175000000000e-07;6.00204081632654e+01
4.34650000000000e-07;6.86122448979592e+01
4.36125000000000e-07;7.62108843537415e+01
4.37600000000000e-07;8.38027210884354e+01
4.39075000000000e-07;9.08911564625851e+01
4.40550000000000e-07;9.97210884353742e+01
4.42025000000000e-07;1.09666666666667e+02
4.43500000000000e-07;1.20231292517007e+02
4.44975000000000e-07;1.30278911564626e+02
4.46450000000000e-07;1.38482993197279e+02
4.47925000000000e-07;1.45136054421769e+02
4.49400000000000e-07;1.51020408163265e+02
4.50875000000000e-07;1.55680272108844e+02
4.52350000000000e-07;1.58639455782313e+02
4.53825000000000e-07;1.60462585034014e+02
4.55300000000000e-07;1.60544217687075e+02
4.56775000000000e-07;1.59591836734694e+02
4.58250000000000e-07;1.57455782312925e+02
4.59725000000000e-07;1.54653061224490e+02
4.61200000000000e-07;1.51292517006803e+02
4.62675000000000e-07;1.48789115646259e+02
4.64150000000000e-07;1.46204081632653e+02
4.65625000000000e-07;1.43251700680272e+02
4.67100000000000e-07;1.41285714285714e+02
4.68575000000000e-07;1.39251700680272e+02
4.70050000000000e-07;1.36421768707483e+02
4.71525000000000e-07;1.31306122448980e+02
4.73000000000000e-07;1.23006802721089e+02
4.74475000000000e-07;1.12102040816327e+02
4.75950000000000e-07;1.00734693877551e+02
4.77425000000000e-07;8.90612244897960e+01
4.78900000000000e-07;7.82448979591837e+01
4.80375000000000e-07;6.83333333333334e+01
4.81850000000000e-07;5.97006802721089e+01
4.83325000000000e-07;5.24965986394558e+01
4.84800000000000e-07;4.58775510204082e+01
4.86275000000000e-07;3.91156462585034e+01
4.87750000000000e-07;3.25782312925170e+01
4.89225000000000e-07;2.71020408163265e+01
4.90700000000000e-07;2.25102040816327e+01
4.92175000000000e-07;1.87142857142857e+01
4.93650000000000e-07;1.55646258503401e+01
4.95125000000000e-07;1.28707482993197e+01
4.96600000000000e-07;1.05782312925170e+01
4.98075000000000e-07;9.21088435374150e+00
4.99550000000000e-07;7.89115646258504e+00
5.01025000000000e-07;6.63945578231293e+00
5.02500000000000e-07;5.82993197278912e+00
5.03975000000000e-07;5.44897959183674e+00
5.05450000000000e-07;5.25850340136055e+00
5.06925000000000e-07;5.36734693877551e+00
5.08400000000000e-07;5.32653061224490e+00
5.09875000000000e-07;5.27210884353742e+00
5.11350000000000e-07;4.93197278911565e+00
5.12825000000000e-07;4.44897959183674e+00
5.14300000000000e-07;3.81632653061225e+00
5.15775000000000e-07;3.10204081632653e+00
5.17250000000000e-07;2.67346938775510e+00
5.18725000000000e-07;2.60544217687075e+00
5.20200000000000e-07;2.43537414965987e+00
5.21675000000000e-07;2.33333333333333e+00
5.23150000000000e-07;2.42176870748300e+00
5.24625000000000e-07;2.36734693877551e+00
5.26100000000000e-07;2.27891156462585e+00
5.27575000000000e-07;2.13605442176871e+00
5.29050000000000e-07;2.00680272108844e+00
5.30525000000000e-07;1.89795918367347e+00
5.32000000000000e-07;1.87755102040816e+00
5.33475000000000e-07;1.80952380952381e+00
5.34950000000000e-07;1.68027210884354e+00
5.36425000000000e-07;1.49659863945578e+00
5.37900000000000e-07;1.38775510204082e+00
5.39375000000000e-07;1.28571428571429e+00
5.40850000000000e-07;1.25850340136055e+00
5.42325000000000e-07;1.28571428571429e+00
5.43800000000000e-07;1.28571428571429e+00
5.45275000000000e-07;1.31292517006803e+00
5.46750000000000e-07;1.27210884353742e+00
5.48225000000000e-07;1.21768707482993e+00
5.49700000000000e-07;1.08163265306123e+00
5.51175000000000e-07;9.18367346938776e-01
5.52650000000000e-07;7.82312925170069e-01
5.54125000000000e-07;7.00680272108844e-01
5.55600000000000e-07;7.00680272108844e-01
5.57075000000000e-07;8.09523809523810e-01
5.58550000000000e-07;9.04761904761905e-01
5.60025000000000e-07;9.86394557823130e-01
5.61500000000000e-07;1.02721088435374e+00
5.62975000000000e-07;1.00000000000000e+00
5.64450000000000e-07;1.02721088435374e+00
5.65925000000000e-07;9.86394557823130e-01
5.67400000000000e-07;9.04761904761905e-01
5.68875000000000e-07;7.82312925170069e-01
5.70350000000000e-07;7.41496598639456e-01
5.71825000000000e-07;7.82312925170069e-01
5.73300000000000e-07;9.04761904761905e-01
5.74775000000000e-07;9.86394557823130e-01
5.76250000000000e-07;1.02721088435374e+00
5.77725000000000e-07;1.00000000000000e+00
5.79200000000000e-07;1.00000000000000e+00
5.80675000000000e-07;1.00000000000000e+00
5.82150000000000e-07;1.00000000000000e+00
5.83625000000000e-07;1.00000000000000e+00
5.85100000000000e-07;1.00000000000000e+00
5.86575000000000e-07;1.00000000000000e+00
5.88050000000000e-07;1.00000000000000e+00
5.89525000000000e-07;1.00000000000000e+00
5.91000000000000e-07;1.00000000000000e+00
5.92475000000000e-07;1.00000000000000e+00
5.93950000000000e-07;1.00000000000000e+00
5.95425000000000e-07;1.00000000000000e+00
5.96900000000000e-07;1.00000000000000e+00
5.98375000000000e-07;1.00000000000000e+00
5.99850000000000e-07;1.00000000000000e+00
6.01325000000000e-07;1.00000000000000e+00
6.02800000000000e-07;1.00000000000000e+00
6.04275000000000e-07;1.00000000000000e+00
6.05750000000000e-07;1.00000000000000e+00
6.07225000000000e-07;1.00000000000000e+00
6.08700000000000e-07;1.00000000000000e+00
6.10175000000000e-07;1.00000000000000e+00
6.11650000000000e-07;1.00000000000000e+00
6.13125000000000e-07;1.00000000000000e+00
6.14600000000000e-07;1.00000000000000e+00
6.16075000000000e-07;1.00000000000000e+00
6.17550000000000e-07;1.00000000000000e+00
6.19025000000000e-07;1.00000000000000e+00
6.20500000000000e-07;1.00000000000000e+00
6.21975000000000e-07;1.00000000000000e+00
6.23450000000000e-07;1.00000000000000e+00
6.24925000000000e-07;1.00000000000000e+00
6.26400000000000e-07;1.00000000000000e+00
6.27875000000000e-07;1.00000000000000e+00
6.29350000000000e-07;1.00000000000000e+00
6.30825000000000e-07;1.00000000000000e+00
6.32300000000000e-07;1.00000000000000e+00
6.33775000000000e-07;1.00000000000000e+00
6.35250000000000e-07;1.00000000000000e+00
6.36725000000000e-07;1.00000000000000e+00
6.38200000000000e-07;1.00000000000000e+00
6.39675000000000e-07;1.00000000000000e+00
6.41150000000000e-07;1.00000000000000e+00
6.42625000000000e-07;1.00000000000000e+00
6.44100000000000e-07;1.00000000000000e+00
6.45575000000000e-07;1.00000000000000e+00
6.47050000000000e-07;1.00000000000000e+00
6.48525000000000e-07;1.00000000000000e+00
6.50000000000000e-07;1.00000000000000e+00
6.51475000000000e-07;1.00000000000000e+00
6.52950000000000e-07;1.00000000000000e+00
6.54425000000000e-07;1.00000000000000e+00
6.55900000000000e-07;1.00000000000000e+00
6.57375000000000e-07;1.00000000000000e+00
6.58850000000000e-07;1.00000000000000e+00
6.60325000000000e-07;1.00000000000000e+00
6.61800000000000e-07;1.00000000000000e+00
6.63275000000000e-07;1.00000000000000e+00
6.64750000000000e-07;1.00000000000000e+00
6.66225000000000e-07;1.00000000000000e+00
6.67700000000000e-07;1.00000000000000e+00
6.69175000000000e-07;1.00000000000000e+00
6.70650000000000e-07;1.00000000000000e+00
6.72125000000000e-07;1.00000000000000e+00
6.73600000000000e-07;1.00000000000000e+00
6.75075000000000e-07;1.00000000000000e+00
6.76550000000000e-07;1.00000000000000e+00
6.78025000000000e-07;1.00000000000000e+00
6.79500000000000e-07;1.00000000000000e+00
6.80975000000000e-07;1.00000000000000e+00
