3.72700000000000e-07;1.02721088435374e+00
3.74175000000000e-07;9.79591836734694e-01
3.75650000000000e-07;9.38775510204082e-01
3.77125000000000e-07;9.04761904761905e-01
3.78600000000000e-07;8.63945578231293e-01
3.80075000000000e-07;8.29931972789116e-01
3.81550000000000e-07;8.63945578231293e-01
3.83025000000000e-07;9.04761904761905e-01
3.84500000000000e-07;9.25170068027212e-01
3.85975000000000e-07;1.00680272108844e+00
3.87450000000000e-07;1.10884353741497e+00
3.88925000000000e-07;1.19047619047619e+00
3.90400000000000e-07;1.27210884353742e+00
3.91875000000000e-07;1.34013605442177e+00
3.93350000000000e-07;1.27210884353742e+00
3.94825000000000e-07;1.19047619047619e+00
3.96300000000000e-07;1.09523809523810e+00
3.97775000000000e-07;1.01360544217687e+00
3.99250000000000e-07;9.72789115646259e-01
4.00725000000000e-07;1.00000000000000e+00
4.02200000000000e-07;1.00000000000000e+00
4.03675000000000e-07;9.45578231292518e-01
4.05150000000000e-07;1.02721088435374e+00
4.06625000000000e-07;1.21768707482993e+00
4.08100000000000e-07;1.36734693877551e+00
4.09575000000000e-07;1.38095238095238e+00
4.11050000000000e-07;1.40136054421769e+00
4.12525000000000e-07;1.55782312925170e+00
4.14000000000000e-07;1.96598639455782e+00
4.15475000000000e-07;2.25170068027211e+00
4.16950000000000e-07;2.82312925170068e+00
4.18425000000000e-07;3.70748299319728e+00
4.19900000000000e-07;5.27210884353742e+00
4.21375000000000e-07;7.45578231292517e+00
4.22850000000000e-07;9.93197278911565e+00
4.24325000000000e-07;1.28775510204082e+01
4.25800000000000e-07;1.76394557823129e+01
4.27275000000000e-07;2.37346938775510e+01
4.28750000000000e-07;3.02653061224490e+01
4.30225000000000e-07;3.76054421768708e+01
4.31700000000000e-07;4.50476190476191e+01
4.33175000000000e-07;5.25782312925170e+01
4.34650000000000e-07;6.09183673469388e+01
4.36125000000000e-07;6.81156462585035e+01
4.37600000000000e-07;7.34557823129252e+01
4.39075000000000e-07;7.77210884353742e+01
4.40550000000000e-07;8.24761904761905e+01
4.42025000000000e-07;8.72721088435375e+01
4.43500000000000e-07;9.22789115646259e+01
4.44975000000000e-07;9.65714285714287e+01
4.46450000000000e-07;1.00448979591837e+02
4.47925000000000e-07;1.03367346938776e+02
4.49400000000000e-07;1.06557823129252e+02
4.50875000000000e-07;1.08931972789116e+02
4.52350000000000e-07;1.10183673469388e+02
4.53825000000000e-07;1.10591836734694e+02
4.55300000000000e-07;1.10333333333333e+02
4.56775000000000e-07;1.09673469387755e+02
4.58250000000000e-07;1.08775510204082e+02
4.59725000000000e-07;1.07564625850340e+02
4.61200000000000e-07;1.05979591836735e+02
4.62675000000000e-07;1.04707482993197e+02
4.64150000000000e-07;1.03251700680272e+02
4.65625000000000e-07;1.01088435374150e+02
4.67100000000000e-07;9.89115646258504e+01
4.68575000000000e-07;9.57755102040817e+01
4.70050000000000e-07;9.14965986394558e+01
4.71525000000000e-07;8.69115646258504e+01
4.73000000000000e-07;8.17959183673470e+01
4.74475000000000e-07;7.54217687074830e+01
4.75950000000000e-07;6.84285714285715e+01
4.77425000000000e-07;6.02380952380953e+01
4.78900000000000e-07;5.18639455782313e+01
4.80375000000000e-07;4.41224489795919e+01
4.81850000000000e-07;3.77687074829932e+01
4.83325000000000e-07;3.25442176870749e+01
4.84800000000000e-07;2.82108843537415e+01
4.86275000000000e-07;2.38163265306123e+01
4.87750000000000e-07;1.97346938775510e+01
4.89225000000000e-07;1.60884353741497e+01
4.90700000000000e-07;1.30272108843537e+01
4.92175000000000e-07;1.04353741496599e+01
4.93650000000000e-07;8.70068027210885e+00
4.95125000000000e-07;7.20408163265307e+00
4.96600000000000e-07;6.13605442176871e+00
4.98075000000000e-07;5.51700680272109e+00
4.99550000000000e-07;4.85034013605443e+00
5.01025000000000e-07;4.13605442176871e+00
5.02500000000000e-07;3.53741496598640e+00
5.03975000000000e-07;3.14285714285715e+00
5.05450000000000e-07;3.04761904761905e+00
5.06925000000000e-07;3.03401360544218e+00
5.08400000000000e-07;2.88435374149660e+00
5.09875000000000e-07;2.72108843537415e+00
5.11350000000000e-07;2.43537414965987e+00
5.12825000000000e-07;2.19047619047619e+00
5.14300000000000e-07;1.90476190476191e+00
5.15775000000000e-07;1.61904761904762e+00
5.17250000000000e-07;1.46938775510204e+00
5.18725000000000e-07;1.44217687074830e+00
5.20200000000000e-07;1.40136054421769e+00
5.21675000000000e-07;1.42857142857143e+00
5.23150000000000e-07;1.42857142857143e+00
5.24625000000000e-07;1.45578231292517e+00
5.26100000000000e-07;1.42857142857143e+00
5.27575000000000e-07;1.32653061224490e+00
5.29050000000000e-07;1.21768707482993e+00
5.30525000000000e-07;1.04761904761905e+00
5.32000000000000e-07;8.70748299319729e-01
5.33475000000000e-07;7.89115646258504e-01
5.34950000000000e-07;7.82312925170069e-01
5.36425000000000e-07;8.29931972789116e-01
5.37900000000000e-07;9.45578231292518e-01
5.39375000000000e-07;1.03401360544218e+00
5.40850000000000e-07;1.00000000000000e+00
5.42325000000000e-07;9.04761904761905e-01
5.43800000000000e-07;8.09523809523810e-01
5.45275000000000e-07;7.00680272108844e-01
5.46750000000000e-07;7.00680272108844e-01
5.48225000000000e-07;8.09523809523810e-01
5.49700000000000e-07;9.18367346938776e-01
5.51175000000000e-07;9.79591836734695e-01
5.52650000000000e-07;9.79591836734695e-01
5.54125000000000e-07;9.04761904761905e-01
5.55600000000000e-07;8.50340136054422e-01
5.57075000000000e-07;8.63945578231293e-01
5.58550000000000e-07;8.97959183673470e-01
5.60025000000000e-07;8.91156462585035e-01
5.61500000000000e-07;9.04761904761905e-01
5.62975000000000e-07;9.25170068027212e-01
5.64450000000000e-07;9.38775510204082e-01
5.65925000000000e-07;1.00680272108844e+00
5.67400000000000e-07;1.00680272108844e+00
5.68875000000000e-07;9.38775510204082e-01
5.70350000000000e-07;9.11564625850341e-01
5.71825000000000e-07;9.11564625850341e-01
5.73300000000000e-07;9.38775510204082e-01
5.74775000000000e-07;9.93197278911565e-01
5.76250000000000e-07;1.01360544217687e+00
5.77725000000000e-07;1.00000000000000e+00
5.79200000000000e-07;1.00000000000000e+00
5.80675000000000e-07;1.00000000000000e+00
5.82150000000000e-07;1.00000000000000e+00
5.83625000000000e-07;1.00000000000000e+00
5.85100000000000e-07;1.00000000000000e+00
5.86575000000000e-07;1.00000000000000e+00
5.88050000000000e-07;1.00000000000000e+00
5.89525000000000e-07;1.00000000000000e+00
5.91000000000000e-07;1.00000000000000e+00
5.92475000000000e-07;1.00000000000000e+00
5.93950000000000e-07;1.00000000000000e+00
5.95425000000000e-07;1.00000000000000e+00
5.96900000000000e-07;1.00000000000000e+00
5.98375000000000e-07;1.00000000000000e+00
5.99850000000000e-07;1.00000000000000e+00
6.01325000000000e-07;1.00000000000000e+00
6.02800000000000e-07;1.00000000000000e+00
6.04275000000000e-07;1.02721088435374e+00
6.05750000000000e-07;9.86394557823130e-01
6.07225000000000e-07;9.04761904761905e-01
6.08700000000000e-07;8.09523809523810e-01
6.10175000000000e-07;7.00680272108844e-01
6.11650000000000e-07;7.00680272108844e-01
6.13125000000000e-07;8.09523809523810e-01
6.14600000000000e-07;9.04761904761905e-01
6.16075000000000e-07;9.86394557823130e-01
6.17550000000000e-07;1.02721088435374e+00
6.19025000000000e-07;1.00000000000000e+00
6.20500000000000e-07;1.00000000000000e+00
6.21975000000000e-07;1.00000000000000e+00
6.23450000000000e-07;1.00000000000000e+00
6.24925000000000e-07;1.00000000000000e+00
6.26400000000000e-07;1.00000000000000e+00
6.27875000000000e-07;1.00000000000000e+00
6.29350000000000e-07;1.00000000000000e+00
6.30825000000000e-07;1.00000000000000e+00
6.32300000000000e-07;1.00000000000000e+00
6.33775000000000e-07;1.00000000000000e+00
6.35250000000000e-07;1.00000000000000e+00
6.36725000000000e-07;1.00000000000000e+00
6.38200000000000e-07;1.00000000000000e+00
6.39675000000000e-07;1.00000000000000e+00
6.41150000000000e-07;1.00000000000000e+00
6.42625000000000e-07;1.00000000000000e+00
6.44100000000000e-07;1.00000000000000e+00
6.45575000000000e-07;1.00000000000000e+00
6.47050000000000e-07;1.00000000000000e+00
6.48525000000000e-07;1.00000000000000e+00
6.50000000000000e-07;1.00000000000000e+00
6.51475000000000e-07;1.00000000000000e+00
6.52950000000000e-07;1.00000000000000e+00
6.54425000000000e-07;1.00000000000000e+00
6.55900000000000e-07;1.00000000000000e+00
6.57375000000000e-07;1.00000000000000e+00
6.58850000000000e-07;1.00000000000000e+00
6.60325000000000e-07;1.00000000000000e+00
6.61800000000000e-07;1.00000000000000e+00
6.63275000000000e-07;1.00000000000000e+00
6.64750000000000e-07;1.00000000000000e+00
6.66225000000000e-07;1.00000000000000e+00
6.67700000000000e-07;1.00000000000000e+00
6.69175000000000e-07;1.00000000000000e+00
6.70650000000000e-07;1.00000000000000e+00
6.72125000000000e-07;1.00000000000000e+00
6.73600000000000e-07;1.00000000000000e+00
6.75075000000000e-07;1.00000000000000e+00
6.76550000000000e-07;1.00000000000000e+00
6.78025000000000e-07;1.00000000000000e+00
6.79500000000000e-07;1.00000000000000e+00
6.80975000000000e-07;1.00000000000000e+00
