3.72700000000000e-07;5.43452380952381e+00
3.74175000000000e-07;5.57142857142857e+00
3.75650000000000e-07;5.58928571428572e+00
3.77125000000000e-07;5.48809523809524e+00
3.78600000000000e-07;5.16666666666667e+00
3.80075000000000e-07;4.85714285714286e+00
3.81550000000000e-07;4.86904761904762e+00
3.83025000000000e-07;5.32142857142858e+00
3.84500000000000e-07;6.01190476190477e+00
3.85975000000000e-07;6.52380952380953e+00
3.87450000000000e-07;6.65476190476191e+00
3.88925000000000e-07;6.51190476190477e+00
3.90400000000000e-07;6.45238095238096e+00
3.91875000000000e-07;6.59523809523810e+00
3.93350000000000e-07;7.04761904761905e+00
3.94825000000000e-07;7.57142857142858e+00
3.96300000000000e-07;8.15476190476191e+00
3.97775000000000e-07;8.71428571428572e+00
3.99250000000000e-07;9.33333333333334e+00
4.00725000000000e-07;9.91666666666667e+00
4.02200000000000e-07;1.07380952380952e+01
4.03675000000000e-07;1.12500000000000e+01
4.05150000000000e-07;1.15714285714286e+01
4.06625000000000e-07;1.23333333333333e+01
4.08100000000000e-07;1.35000000000000e+01
4.09575000000000e-07;1.55000000000000e+01
4.11050000000000e-07;1.91190476190476e+01
4.12525000000000e-07;2.48095238095238e+01
4.14000000000000e-07;3.25476190476191e+01
4.15475000000000e-07;4.22142857142857e+01
4.16950000000000e-07;5.32976190476191e+01
4.18425000000000e-07;6.73333333333334e+01
4.19900000000000e-07;8.35119047619048e+01
4.21375000000000e-07;1.03869047619048e+02
4.22850000000000e-07;1.26678571428572e+02
4.24325000000000e-07;1.52738095238095e+02
4.25800000000000e-07;1.78380952380953e+02
4.27275000000000e-07;2.05130952380953e+02
4.28750000000000e-07;2.27321428571429e+02
4.30225000000000e-07;2.43761904761905e+02
4.31700000000000e-07;2.52357142857143e+02
4.33175000000000e-07;2.56166666666667e+02
4.34650000000000e-07;2.55392857142857e+02
4.36125000000000e-07;2.55214285714286e+02
4.37600000000000e-07;2.55000000000000e+02
4.39075000000000e-07;2.55000000000000e+02
4.40550000000000e-07;2.55000000000000e+02
4.42025000000000e-07;2.55000000000000e+02
4.43500000000000e-07;2.55000000000000e+02
4.44975000000000e-07;2.55000000000000e+02
4.46450000000000e-07;2.55000000000000e+02
4.47925000000000e-07;2.55000000000000e+02
4.49400000000000e-07;2.55000000000000e+02
4.50875000000000e-07;2.55000000000000e+02
4.52350000000000e-07;2.55047619047619e+02
4.53825000000000e-07;2.55142857142857e+02
4.55300000000000e-07;2.54916666666667e+02
4.56775000000000e-07;2.54095238095238e+02
4.58250000000000e-07;2.52845238095238e+02
4.59725000000000e-07;2.51345238095238e+02
4.61200000000000e-07;2.49654761904762e+02
4.62675000000000e-07;2.48857142857143e+02
4.64150000000000e-07;2.48190476190476e+02
4.65625000000000e-07;2.47607142857143e+02
4.67100000000000e-07;2.47607142857143e+02
4.68575000000000e-07;2.47785714285714e+02
4.70050000000000e-07;2.47095238095238e+02
4.71525000000000e-07;2.47642857142857e+02
4.73000000000000e-07;2.47666666666667e+02
4.74475000000000e-07;2.48095238095238e+02
4.75950000000000e-07;2.49214285714286e+02
4.77425000000000e-07;2.51690476190476e+02
4.78900000000000e-07;2.49869047619048e+02
4.80375000000000e-07;2.43666666666667e+02
4.81850000000000e-07;2.31833333333333e+02
4.83325000000000e-07;2.15166666666667e+02
4.84800000000000e-07;1.96166666666667e+02
4.86275000000000e-07;1.78273809523810e+02
4.87750000000000e-07;1.59476190476191e+02
4.89225000000000e-07;1.40273809523810e+02
4.90700000000000e-07;1.22595238095238e+02
4.92175000000000e-07;1.05011904761905e+02
4.93650000000000e-07;8.91190476190477e+01
4.95125000000000e-07;7.45476190476191e+01
4.96600000000000e-07;6.22023809523810e+01
4.98075000000000e-07;5.12500000000000e+01
4.99550000000000e-07;4.24761904761905e+01
5.01025000000000e-07;3.42857142857143e+01
5.02500000000000e-07;2.82500000000000e+01
5.03975000000000e-07;2.36309523809524e+01
5.05450000000000e-07;2.09761904761905e+01
5.06925000000000e-07;1.94880952380953e+01
5.08400000000000e-07;1.83809523809524e+01
5.09875000000000e-07;1.66190476190476e+01
5.11350000000000e-07;1.46904761904762e+01
5.12825000000000e-07;1.28452380952381e+01
5.14300000000000e-07;1.14166666666667e+01
5.15775000000000e-07;1.02976190476191e+01
5.17250000000000e-07;9.51190476190477e+00
5.18725000000000e-07;9.10714285714286e+00
5.20200000000000e-07;8.92857142857143e+00
5.21675000000000e-07;9.16666666666667e+00
5.23150000000000e-07;8.95238095238096e+00
5.24625000000000e-07;8.09523809523810e+00
5.26100000000000e-07;6.91666666666667e+00
5.27575000000000e-07;5.90476190476191e+00
5.29050000000000e-07;5.28571428571429e+00
5.30525000000000e-07;5.20238095238096e+00
5.32000000000000e-07;5.20238095238096e+00
5.33475000000000e-07;5.22619047619048e+00
5.34950000000000e-07;5.10714285714286e+00
5.36425000000000e-07;4.71428571428572e+00
5.37900000000000e-07;4.15476190476191e+00
5.39375000000000e-07;3.59523809523810e+00
5.40850000000000e-07;3.36904761904762e+00
5.42325000000000e-07;3.51190476190476e+00
5.43800000000000e-07;3.57142857142857e+00
5.45275000000000e-07;3.58333333333334e+00
5.46750000000000e-07;3.61904761904762e+00
5.48225000000000e-07;3.51190476190476e+00
5.49700000000000e-07;3.30952380952381e+00
5.51175000000000e-07;3.23809523809524e+00
5.52650000000000e-07;2.94047619047619e+00
5.54125000000000e-07;2.72619047619048e+00
5.55600000000000e-07;2.66666666666667e+00
5.57075000000000e-07;2.59523809523810e+00
5.58550000000000e-07;2.66666666666667e+00
5.60025000000000e-07;2.90476190476191e+00
5.61500000000000e-07;2.90476190476191e+00
5.62975000000000e-07;2.92857142857143e+00
5.64450000000000e-07;2.84523809523810e+00
5.65925000000000e-07;2.65476190476191e+00
5.67400000000000e-07;2.57142857142857e+00
5.68875000000000e-07;2.59523809523810e+00
5.70350000000000e-07;2.64285714285715e+00
5.71825000000000e-07;2.73809523809524e+00
5.73300000000000e-07;2.77380952380953e+00
5.74775000000000e-07;2.72619047619048e+00
5.76250000000000e-07;2.76190476190476e+00
5.77725000000000e-07;2.83333333333334e+00
5.79200000000000e-07;2.91666666666667e+00
5.80675000000000e-07;2.98809523809524e+00
5.82150000000000e-07;3.04761904761905e+00
5.83625000000000e-07;3.01190476190476e+00
5.85100000000000e-07;2.92857142857143e+00
5.86575000000000e-07;2.71428571428572e+00
5.88050000000000e-07;2.52380952380953e+00
5.89525000000000e-07;2.40476190476191e+00
5.91000000000000e-07;2.40476190476191e+00
5.92475000000000e-07;2.46428571428572e+00
5.93950000000000e-07;2.52380952380953e+00
5.95425000000000e-07;2.50000000000000e+00
5.96900000000000e-07;2.50000000000000e+00
5.98375000000000e-07;2.50000000000000e+00
5.99850000000000e-07;2.50000000000000e+00
6.01325000000000e-07;2.50000000000000e+00
6.02800000000000e-07;2.50000000000000e+00
6.04275000000000e-07;2.50000000000000e+00
6.05750000000000e-07;2.54761904761905e+00
6.07225000000000e-07;2.47619047619048e+00
6.08700000000000e-07;2.38095238095238e+00
6.10175000000000e-07;2.09523809523810e+00
6.11650000000000e-07;1.88095238095238e+00
6.13125000000000e-07;1.78571428571429e+00
6.14600000000000e-07;1.85714285714286e+00
6.16075000000000e-07;1.90476190476191e+00
6.17550000000000e-07;2.05952380952381e+00
6.19025000000000e-07;2.10714285714286e+00
6.20500000000000e-07;2.17857142857143e+00
6.21975000000000e-07;2.14285714285714e+00
6.23450000000000e-07;2.00000000000000e+00
6.24925000000000e-07;1.88095238095238e+00
6.26400000000000e-07;1.80952380952381e+00
6.27875000000000e-07;1.80952380952381e+00
6.29350000000000e-07;1.82142857142857e+00
6.30825000000000e-07;1.80952380952381e+00
6.32300000000000e-07;1.71428571428572e+00
6.33775000000000e-07;1.66666666666667e+00
6.35250000000000e-07;1.58333333333333e+00
6.36725000000000e-07;1.48809523809524e+00
6.38200000000000e-07;1.48809523809524e+00
6.39675000000000e-07;1.55952380952381e+00
6.41150000000000e-07;1.67857142857143e+00
6.42625000000000e-07;1.82142857142857e+00
6.44100000000000e-07;1.94047619047619e+00
6.45575000000000e-07;1.98809523809524e+00
6.47050000000000e-07;2.02380952380953e+00
6.48525000000000e-07;2.00000000000000e+00
6.50000000000000e-07;2.00000000000000e+00
6.51475000000000e-07;2.00000000000000e+00
6.52950000000000e-07;2.00000000000000e+00
6.54425000000000e-07;2.00000000000000e+00
6.55900000000000e-07;2.00000000000000e+00
6.57375000000000e-07;2.00000000000000e+00
6.58850000000000e-07;2.02380952380953e+00
6.60325000000000e-07;1.96428571428572e+00
6.61800000000000e-07;1.97619047619048e+00
6.63275000000000e-07;1.91666666666667e+00
6.64750000000000e-07;1.72619047619048e+00
6.66225000000000e-07;1.55952380952381e+00
6.67700000000000e-07;1.46428571428572e+00
6.69175000000000e-07;1.38095238095238e+00
6.70650000000000e-07;1.46428571428572e+00
6.72125000000000e-07;1.52380952380953e+00
6.73600000000000e-07;1.50000000000000e+00
6.75075000000000e-07;1.52380952380953e+00
6.76550000000000e-07;1.48809523809524e+00
6.78025000000000e-07;1.42857142857143e+00
6.79500000000000e-07;1.33928571428572e+00
6.80975000000000e-07;1.22023809523810e+00
