3.72700000000000e-07;1.00000000000000e+00
3.74175000000000e-07;1.00000000000000e+00
3.75650000000000e-07;1.00000000000000e+00
3.77125000000000e-07;1.00000000000000e+00
3.78600000000000e-07;1.00000000000000e+00
3.80075000000000e-07;1.00000000000000e+00
3.81550000000000e-07;1.00000000000000e+00
3.83025000000000e-07;1.00000000000000e+00
3.84500000000000e-07;1.00000000000000e+00
3.85975000000000e-07;1.00000000000000e+00
3.87450000000000e-07;1.00000000000000e+00
3.88925000000000e-07;1.00000000000000e+00
3.90400000000000e-07;1.00000000000000e+00
3.91875000000000e-07;1.00000000000000e+00
3.93350000000000e-07;1.00000000000000e+00
3.94825000000000e-07;1.00000000000000e+00
3.96300000000000e-07;1.00000000000000e+00
3.97775000000000e-07;1.00000000000000e+00
3.99250000000000e-07;1.00000000000000e+00
4.00725000000000e-07;1.00000000000000e+00
4.02200000000000e-07;1.00000000000000e+00
4.03675000000000e-07;1.00000000000000e+00
4.05150000000000e-07;1.00000000000000e+00
4.06625000000000e-07;1.00000000000000e+00
4.08100000000000e-07;1.00000000000000e+00
4.09575000000000e-07;1.00000000000000e+00
4.11050000000000e-07;1.00000000000000e+00
4.12525000000000e-07;1.00000000000000e+00
4.14000000000000e-07;1.00000000000000e+00
4.15475000000000e-07;1.00000000000000e+00
4.16950000000000e-07;1.00000000000000e+00
4.18425000000000e-07;1.00000000000000e+00
4.19900000000000e-07;1.00000000000000e+00
4.21375000000000e-07;1.00000000000000e+00
4.22850000000000e-07;1.00000000000000e+00
4.24325000000000e-07;1.00000000000000e+00
4.25800000000000e-07;1.00000000000000e+00
4.27275000000000e-07;1.00000000000000e+00
4.28750000000000e-07;1.00000000000000e+00
4.30225000000000e-07;1.00000000000000e+00
4.31700000000000e-07;1.00000000000000e+00
4.33175000000000e-07;1.00000000000000e+00
4.34650000000000e-07;1.00000000000000e+00
4.36125000000000e-07;1.00000000000000e+00
4.37600000000000e-07;1.00000000000000e+00
4.39075000000000e-07;1.00000000000000e+00
4.40550000000000e-07;1.00000000000000e+00
4.42025000000000e-07;1.00000000000000e+00
4.43500000000000e-07;1.00000000000000e+00
4.44975000000000e-07;1.00000000000000e+00
4.46450000000000e-07;1.00000000000000e+00
4.47925000000000e-07;1.00000000000000e+00
4.49400000000000e-07;1.00000000000000e+00
4.50875000000000e-07;1.00000000000000e+00
4.52350000000000e-07;1.00000000000000e+00
4.53825000000000e-07;1.00000000000000e+00
4.55300000000000e-07;1.00000000000000e+00
4.56775000000000e-07;1.00000000000000e+00
4.58250000000000e-07;1.00000000000000e+00
4.59725000000000e-07;1.00000000000000e+00
4.61200000000000e-07;1.00000000000000e+00
4.62675000000000e-07;1.00000000000000e+00
4.64150000000000e-07;1.00000000000000e+00
4.65625000000000e-07;1.00000000000000e+00
4.67100000000000e-07;1.00000000000000e+00
4.68575000000000e-07;1.00000000000000e+00
4.70050000000000e-07;1.00000000000000e+00
4.71525000000000e-07;1.00000000000000e+00
4.73000000000000e-07;1.00000000000000e+00
4.74475000000000e-07;1.00000000000000e+00
4.75950000000000e-07;1.00000000000000e+00
4.77425000000000e-07;1.00000000000000e+00
4.78900000000000e-07;1.00000000000000e+00
4.80375000000000e-07;1.00000000000000e+00
4.81850000000000e-07;1.00000000000000e+00
4.83325000000000e-07;1.00000000000000e+00
4.84800000000000e-07;1.00000000000000e+00
4.86275000000000e-07;1.00000000000000e+00
4.87750000000000e-07;1.00000000000000e+00
4.89225000000000e-07;1.00000000000000e+00
4.90700000000000e-07;1.00000000000000e+00
4.92175000000000e-07;1.00000000000000e+00
4.93650000000000e-07;1.00000000000000e+00
4.95125000000000e-07;1.00000000000000e+00
4.96600000000000e-07;1.00000000000000e+00
4.98075000000000e-07;1.00000000000000e+00
4.99550000000000e-07;1.00000000000000e+00
5.01025000000000e-07;1.00000000000000e+00
5.02500000000000e-07;1.00000000000000e+00
5.03975000000000e-07;1.00000000000000e+00
5.05450000000000e-07;1.00000000000000e+00
5.06925000000000e-07;1.00000000000000e+00
5.08400000000000e-07;1.00000000000000e+00
5.09875000000000e-07;1.00000000000000e+00
5.11350000000000e-07;1.00000000000000e+00
5.12825000000000e-07;1.00000000000000e+00
5.14300000000000e-07;1.00000000000000e+00
5.15775000000000e-07;1.00000000000000e+00
5.17250000000000e-07;1.00000000000000e+00
5.18725000000000e-07;1.00000000000000e+00
5.20200000000000e-07;1.00000000000000e+00
5.21675000000000e-07;1.01058201058201e+00
5.23150000000000e-07;9.94708994708996e-01
5.24625000000000e-07;9.84126984126985e-01
5.26100000000000e-07;9.15343915343916e-01
5.27575000000000e-07;8.20105820105821e-01
5.29050000000000e-07;7.30158730158731e-01
5.30525000000000e-07;6.56084656084657e-01
5.32000000000000e-07;6.56084656084657e-01
5.33475000000000e-07;7.40740740740741e-01
5.34950000000000e-07;8.14814814814815e-01
5.36425000000000e-07;8.78306878306879e-01
5.37900000000000e-07;9.10052910052911e-01
5.39375000000000e-07;8.78306878306879e-01
5.40850000000000e-07;8.94179894179895e-01
5.42325000000000e-07;9.25925925925927e-01
5.43800000000000e-07;9.62962962962964e-01
5.45275000000000e-07;9.94708994708995e-01
5.46750000000000e-07;1.00000000000000e+00
5.48225000000000e-07;1.01587301587302e+00
5.49700000000000e-07;1.02116402116402e+00
5.51175000000000e-07;1.03174603174603e+00
5.52650000000000e-07;1.07407407407408e+00
5.54125000000000e-07;1.06349206349206e+00
5.55600000000000e-07;1.17989417989418e+00
5.57075000000000e-07;1.47089947089947e+00
5.58550000000000e-07;1.75661375661376e+00
5.60025000000000e-07;1.95238095238095e+00
5.61500000000000e-07;2.02645502645503e+00
5.62975000000000e-07;2.01587301587302e+00
5.64450000000000e-07;2.04232804232804e+00
5.65925000000000e-07;2.15873015873016e+00
5.67400000000000e-07;2.38095238095238e+00
5.68875000000000e-07;2.33333333333333e+00
5.70350000000000e-07;2.45502645502646e+00
5.71825000000000e-07;2.64021164021164e+00
5.73300000000000e-07;3.12169312169312e+00
5.74775000000000e-07;4.02116402116402e+00
5.76250000000000e-07;5.86243386243387e+00
5.77725000000000e-07;8.68783068783069e+00
5.79200000000000e-07;1.36402116402116e+01
5.80675000000000e-07;2.04497354497355e+01
5.82150000000000e-07;2.97301587301588e+01
5.83625000000000e-07;3.99047619047619e+01
5.85100000000000e-07;5.43280423280424e+01
5.86575000000000e-07;7.34867724867725e+01
5.88050000000000e-07;9.55767195767196e+01
5.89525000000000e-07;1.18894179894180e+02
5.91000000000000e-07;1.38873015873016e+02
5.92475000000000e-07;1.53989417989418e+02
5.93950000000000e-07;1.67613756613757e+02
5.95425000000000e-07;1.82164021164021e+02
5.96900000000000e-07;1.95148148148148e+02
5.98375000000000e-07;2.08010582010582e+02
5.99850000000000e-07;2.18359788359788e+02
6.01325000000000e-07;2.28851851851852e+02
6.02800000000000e-07;2.38544973544974e+02
6.04275000000000e-07;2.47968253968254e+02
6.05750000000000e-07;2.53121693121693e+02
6.07225000000000e-07;2.54375661375662e+02
6.08700000000000e-07;2.51994708994709e+02
6.10175000000000e-07;2.48857142857143e+02
6.11650000000000e-07;2.46486772486773e+02
6.13125000000000e-07;2.45698412698413e+02
6.14600000000000e-07;2.47555555555556e+02
6.16075000000000e-07;2.50566137566138e+02
6.17550000000000e-07;2.52925925925926e+02
6.19025000000000e-07;2.54904761904762e+02
6.20500000000000e-07;2.54941798941799e+02
6.21975000000000e-07;2.51555555555556e+02
6.23450000000000e-07;2.46507936507937e+02
6.24925000000000e-07;2.44222222222222e+02
6.26400000000000e-07;2.45132275132275e+02
6.27875000000000e-07;2.51433862433863e+02
6.29350000000000e-07;2.52661375661376e+02
6.30825000000000e-07;2.43899470899471e+02
6.32300000000000e-07;2.23767195767196e+02
6.33775000000000e-07;1.95597883597884e+02
6.35250000000000e-07;1.64058201058201e+02
6.36725000000000e-07;1.34074074074074e+02
6.38200000000000e-07;1.06624338624339e+02
6.39675000000000e-07;8.27619047619048e+01
6.41150000000000e-07;6.34656084656085e+01
6.42625000000000e-07;4.58624338624339e+01
6.44100000000000e-07;3.26296296296296e+01
6.45575000000000e-07;2.21851851851852e+01
6.47050000000000e-07;1.70264550264550e+01
6.48525000000000e-07;1.35608465608466e+01
6.50000000000000e-07;1.12539682539683e+01
6.51475000000000e-07;8.09523809523810e+00
6.52950000000000e-07;5.72486772486773e+00
6.54425000000000e-07;3.96296296296297e+00
6.55900000000000e-07;3.17460317460318e+00
6.57375000000000e-07;2.69841269841270e+00
6.58850000000000e-07;2.77777777777778e+00
6.60325000000000e-07;2.88888888888889e+00
6.61800000000000e-07;2.88888888888889e+00
6.63275000000000e-07;2.74074074074074e+00
6.64750000000000e-07;2.50793650793651e+00
6.66225000000000e-07;2.16931216931217e+00
6.67700000000000e-07;1.65608465608466e+00
6.69175000000000e-07;1.30687830687831e+00
6.70650000000000e-07;1.14814814814815e+00
6.72125000000000e-07;1.17460317460318e+00
6.73600000000000e-07;1.10052910052910e+00
6.75075000000000e-07;8.99470899470900e-01
6.76550000000000e-07;6.82539682539683e-01
6.78025000000000e-07;6.74603174603176e-01
6.79500000000000e-07;7.85714285714287e-01
6.80975000000000e-07;1.01587301587302e+00
