3.72700000000000e-07;2.60457516339869e+00
3.74175000000000e-07;2.55882352941176e+00
3.75650000000000e-07;2.52661064425770e+00
3.77125000000000e-07;2.50793650793651e+00
3.78600000000000e-07;2.48739495798319e+00
3.80075000000000e-07;2.45845004668534e+00
3.81550000000000e-07;2.55648926237162e+00
3.83025000000000e-07;2.69654528478058e+00
3.84500000000000e-07;2.86087768440710e+00
3.85975000000000e-07;2.99439775910364e+00
3.87450000000000e-07;3.05322128851541e+00
3.88925000000000e-07;3.01680672268908e+00
3.90400000000000e-07;3.01867413632120e+00
3.91875000000000e-07;3.00093370681606e+00
3.93350000000000e-07;3.03267973856209e+00
3.94825000000000e-07;3.07656395891690e+00
3.96300000000000e-07;3.11951447245565e+00
3.97775000000000e-07;3.17273576097106e+00
3.99250000000000e-07;3.19140989729225e+00
4.00725000000000e-07;3.15499533146592e+00
4.02200000000000e-07;3.11951447245565e+00
4.03675000000000e-07;3.01960784313726e+00
4.05150000000000e-07;3.14752567693744e+00
4.06625000000000e-07;3.35014005602241e+00
4.08100000000000e-07;3.59103641456583e+00
4.09575000000000e-07;3.78898225957050e+00
4.11050000000000e-07;3.87861811391223e+00
4.12525000000000e-07;3.85620915032680e+00
4.14000000000000e-07;3.98319327731093e+00
4.15475000000000e-07;4.07936507936508e+00
4.16950000000000e-07;4.27637721755369e+00
4.18425000000000e-07;4.65919701213819e+00
4.19900000000000e-07;5.39215686274510e+00
4.21375000000000e-07;6.48366013071896e+00
4.22850000000000e-07;7.80485527544352e+00
4.24325000000000e-07;9.42950513538750e+00
4.25800000000000e-07;1.19393090569561e+01
4.27275000000000e-07;1.50364145658263e+01
4.28750000000000e-07;1.87226890756303e+01
4.30225000000000e-07;2.28683473389356e+01
4.31700000000000e-07;2.73996265172736e+01
4.33175000000000e-07;3.25901027077498e+01
4.34650000000000e-07;3.92978524743231e+01
4.36125000000000e-07;4.70028011204482e+01
4.37600000000000e-07;5.55182072829132e+01
4.39075000000000e-07;6.43155929038282e+01
4.40550000000000e-07;7.14687208216621e+01
4.42025000000000e-07;7.61811391223157e+01
4.43500000000000e-07;7.89785247432307e+01
4.44975000000000e-07;8.07133520074697e+01
4.46450000000000e-07;8.29663865546219e+01
4.47925000000000e-07;8.66097105508871e+01
4.49400000000000e-07;9.09887955182073e+01
4.50875000000000e-07;9.56050420168068e+01
4.52350000000000e-07;1.00588235294118e+02
4.53825000000000e-07;1.05408029878618e+02
4.55300000000000e-07;1.09845004668534e+02
4.56775000000000e-07;1.13544351073763e+02
4.58250000000000e-07;1.16495798319328e+02
4.59725000000000e-07;1.18759103641457e+02
4.61200000000000e-07;1.20740429505136e+02
4.62675000000000e-07;1.22257703081233e+02
4.64150000000000e-07;1.23239028944911e+02
4.65625000000000e-07;1.23577964519141e+02
4.67100000000000e-07;1.23670401493931e+02
4.68575000000000e-07;1.23745098039216e+02
4.70050000000000e-07;1.23541549953315e+02
4.71525000000000e-07;1.23033613445378e+02
4.73000000000000e-07;1.22134453781513e+02
4.74475000000000e-07;1.21240896358543e+02
4.75950000000000e-07;1.20062558356676e+02
4.77425000000000e-07;1.18550887021475e+02
4.78900000000000e-07;1.16724556489262e+02
4.80375000000000e-07;1.14906629318394e+02
4.81850000000000e-07;1.13156862745098e+02
4.83325000000000e-07;1.11648926237162e+02
4.84800000000000e-07;1.09222222222222e+02
4.86275000000000e-07;1.05649859943978e+02
4.87750000000000e-07;1.01576097105509e+02
4.89225000000000e-07;9.76199813258638e+01
4.90700000000000e-07;9.43370681605977e+01
4.92175000000000e-07;9.24052287581700e+01
4.93650000000000e-07;9.21914098972923e+01
4.95125000000000e-07;9.27254901960785e+01
4.96600000000000e-07;9.62558356676005e+01
4.98075000000000e-07;1.01850606909430e+02
4.99550000000000e-07;1.08305322128852e+02
5.01025000000000e-07;1.15140989729225e+02
5.02500000000000e-07;1.21635854341737e+02
5.03975000000000e-07;1.26884220354809e+02
5.05450000000000e-07;1.33960784313726e+02
5.06925000000000e-07;1.42196078431373e+02
5.08400000000000e-07;1.50829131652661e+02
5.09875000000000e-07;1.60017740429505e+02
5.11350000000000e-07;1.68788982259571e+02
5.12825000000000e-07;1.75141923436041e+02
5.14300000000000e-07;1.78777777777778e+02
5.15775000000000e-07;1.79422035480859e+02
5.17250000000000e-07;1.77957983193277e+02
5.18725000000000e-07;1.76080298786181e+02
5.20200000000000e-07;1.74915966386555e+02
5.21675000000000e-07;1.73734827264239e+02
5.23150000000000e-07;1.72281045751634e+02
5.24625000000000e-07;1.70553688141924e+02
5.26100000000000e-07;1.68561157796452e+02
5.27575000000000e-07;1.66329598506069e+02
5.29050000000000e-07;1.64235294117647e+02
5.30525000000000e-07;1.62244631185808e+02
5.32000000000000e-07;1.60725490196079e+02
5.33475000000000e-07;1.59509803921569e+02
5.34950000000000e-07;1.57235294117647e+02
5.36425000000000e-07;1.53247432306256e+02
5.37900000000000e-07;1.47618113912232e+02
5.39375000000000e-07;1.40689075630252e+02
5.40850000000000e-07;1.33616246498600e+02
5.42325000000000e-07;1.27240896358544e+02
5.43800000000000e-07;1.21315592903828e+02
5.45275000000000e-07;1.15427637721755e+02
5.46750000000000e-07;1.09347338935574e+02
5.48225000000000e-07;1.02823529411765e+02
5.49700000000000e-07;9.64229691876752e+01
5.51175000000000e-07;9.03445378151261e+01
5.52650000000000e-07;8.46181139122316e+01
5.54125000000000e-07;7.88366013071896e+01
5.55600000000000e-07;7.20009337068161e+01
5.57075000000000e-07;6.42623716153128e+01
5.58550000000000e-07;5.68888888888889e+01
5.60025000000000e-07;5.05658263305323e+01
5.61500000000000e-07;4.55294117647059e+01
5.62975000000000e-07;4.15835667600374e+01
5.64450000000000e-07;3.78562091503268e+01
5.65925000000000e-07;3.42577030812325e+01
5.67400000000000e-07;3.08085901027078e+01
5.68875000000000e-07;2.78524743230626e+01
5.70350000000000e-07;2.48319327731093e+01
5.71825000000000e-07;2.20522875816994e+01
5.73300000000000e-07;1.95891690009337e+01
5.74775000000000e-07;1.74967320261438e+01
5.76250000000000e-07;1.57591036414566e+01
5.77725000000000e-07;1.45303454715220e+01
5.79200000000000e-07;1.32492997198880e+01
5.80675000000000e-07;1.22651727357610e+01
5.82150000000000e-07;1.09710550887022e+01
5.83625000000000e-07;9.65079365079366e+00
5.85100000000000e-07;8.41456582633054e+00
5.86575000000000e-07;7.47712418300654e+00
5.88050000000000e-07;6.80952380952382e+00
5.89525000000000e-07;6.48832866479926e+00
5.91000000000000e-07;6.12418300653595e+00
5.92475000000000e-07;5.98039215686275e+00
5.93950000000000e-07;5.79271708683474e+00
5.95425000000000e-07;5.72642390289449e+00
5.96900000000000e-07;5.77030812324930e+00
5.98375000000000e-07;5.96265172735761e+00
5.99850000000000e-07;6.35947712418301e+00
6.01325000000000e-07;7.14752567693745e+00
6.02800000000000e-07;8.57516339869282e+00
6.04275000000000e-07;1.01643323996265e+01
6.05750000000000e-07;1.31830065359477e+01
6.07225000000000e-07;1.70625583566760e+01
6.08700000000000e-07;2.19710550887022e+01
6.10175000000000e-07;2.82866479925304e+01
6.11650000000000e-07;3.58141923436041e+01
6.13125000000000e-07;4.30196078431373e+01
6.14600000000000e-07;5.09449112978525e+01
6.16075000000000e-07;5.74752567693745e+01
6.17550000000000e-07;6.38916900093371e+01
6.19025000000000e-07;6.97535014005603e+01
6.20500000000000e-07;7.48860877684408e+01
6.21975000000000e-07;7.87927170868348e+01
6.23450000000000e-07;8.15770308123250e+01
6.24925000000000e-07;8.24687208216620e+01
6.26400000000000e-07;8.31493930905696e+01
6.27875000000000e-07;8.34117647058824e+01
6.29350000000000e-07;8.36619981325864e+01
6.30825000000000e-07;8.37348272642391e+01
6.32300000000000e-07;8.33856209150327e+01
6.33775000000000e-07;8.26825396825398e+01
6.35250000000000e-07;8.26750700280112e+01
6.36725000000000e-07;8.40308123249300e+01
6.38200000000000e-07;8.46153127917835e+01
6.39675000000000e-07;8.24855275443511e+01
6.41150000000000e-07;7.59747899159664e+01
6.42625000000000e-07;6.58982259570495e+01
6.44100000000000e-07;5.37422969187675e+01
6.45575000000000e-07;4.18692810457517e+01
6.47050000000000e-07;3.12231559290383e+01
6.48525000000000e-07;2.23734827264239e+01
6.50000000000000e-07;1.53473389355742e+01
6.51475000000000e-07;1.10392156862745e+01
6.52950000000000e-07;7.89635854341737e+00
6.54425000000000e-07;5.76190476190477e+00
6.55900000000000e-07;4.58263305322129e+00
6.57375000000000e-07;3.73109243697479e+00
6.58850000000000e-07;3.15406162464986e+00
6.60325000000000e-07;3.01120448179272e+00
6.61800000000000e-07;2.74696545284781e+00
6.63275000000000e-07;2.65266106442577e+00
6.64750000000000e-07;2.53874883286648e+00
6.66225000000000e-07;2.40989729225024e+00
6.67700000000000e-07;2.26704014939309e+00
6.69175000000000e-07;2.13445378151261e+00
6.70650000000000e-07;2.02427637721756e+00
6.72125000000000e-07;2.02334267040149e+00
6.73600000000000e-07;1.99533146591970e+00
6.75075000000000e-07;1.99253034547152e+00
6.76550000000000e-07;2.00280112044818e+00
6.78025000000000e-07;2.00420168067227e+00
6.79500000000000e-07;2.00560224089636e+00
6.80975000000000e-07;2.00700280112045e+00
