3.72700000000000e-07;2.43824404761905e+00
3.74175000000000e-07;2.42857142857143e+00
3.75650000000000e-07;2.41294642857143e+00
3.77125000000000e-07;2.39136904761905e+00
3.78600000000000e-07;2.36011904761905e+00
3.80075000000000e-07;2.27380952380953e+00
3.81550000000000e-07;2.33482142857143e+00
3.83025000000000e-07;2.46875000000000e+00
3.84500000000000e-07;2.66815476190476e+00
3.85975000000000e-07;2.85565476190476e+00
3.87450000000000e-07;2.95089285714286e+00
3.88925000000000e-07;2.91071428571429e+00
3.90400000000000e-07;2.92708333333333e+00
3.91875000000000e-07;2.89732142857143e+00
3.93350000000000e-07;2.95238095238095e+00
3.94825000000000e-07;3.03571428571429e+00
3.96300000000000e-07;3.11011904761905e+00
3.97775000000000e-07;3.17261904761905e+00
3.99250000000000e-07;3.20982142857143e+00
4.00725000000000e-07;3.18452380952381e+00
4.02200000000000e-07;3.19047619047619e+00
4.03675000000000e-07;3.14732142857143e+00
4.05150000000000e-07;3.23809523809524e+00
4.06625000000000e-07;3.38541666666667e+00
4.08100000000000e-07;3.56547619047619e+00
4.09575000000000e-07;3.68303571428572e+00
4.11050000000000e-07;3.75744047619048e+00
4.12525000000000e-07;3.73511904761905e+00
4.14000000000000e-07;3.86904761904762e+00
4.15475000000000e-07;3.99255952380953e+00
4.16950000000000e-07;4.20089285714286e+00
4.18425000000000e-07;4.57291666666667e+00
4.19900000000000e-07;5.33035714285715e+00
4.21375000000000e-07;6.48065476190477e+00
4.22850000000000e-07;7.86160714285715e+00
4.24325000000000e-07;9.48363095238096e+00
4.25800000000000e-07;1.18035714285714e+01
4.27275000000000e-07;1.45848214285714e+01
4.28750000000000e-07;1.80669642857143e+01
4.30225000000000e-07;2.21235119047619e+01
4.31700000000000e-07;2.67678571428572e+01
4.33175000000000e-07;3.22351190476191e+01
4.34650000000000e-07;3.92500000000000e+01
4.36125000000000e-07;4.71770833333334e+01
4.37600000000000e-07;5.59613095238095e+01
4.39075000000000e-07;6.49032738095239e+01
4.40550000000000e-07;7.18288690476191e+01
4.42025000000000e-07;7.62440476190477e+01
4.43500000000000e-07;7.87053571428572e+01
4.44975000000000e-07;8.01309523809524e+01
4.46450000000000e-07;8.24449404761906e+01
4.47925000000000e-07;8.65029761904763e+01
4.49400000000000e-07;9.09613095238096e+01
4.50875000000000e-07;9.57455357142858e+01
4.52350000000000e-07;1.00976190476191e+02
4.53825000000000e-07;1.05982142857143e+02
4.55300000000000e-07;1.10559523809524e+02
4.56775000000000e-07;1.14480654761905e+02
4.58250000000000e-07;1.17696428571429e+02
4.59725000000000e-07;1.19982142857143e+02
4.61200000000000e-07;1.21936011904762e+02
4.62675000000000e-07;1.23107142857143e+02
4.64150000000000e-07;1.23711309523810e+02
4.65625000000000e-07;1.23742559523810e+02
4.67100000000000e-07;1.23950892857143e+02
4.68575000000000e-07;1.24145833333333e+02
4.70050000000000e-07;1.24038690476191e+02
4.71525000000000e-07;1.23412202380952e+02
4.73000000000000e-07;1.22531250000000e+02
4.74475000000000e-07;1.21505952380952e+02
4.75950000000000e-07;1.20020833333333e+02
4.77425000000000e-07;1.18375000000000e+02
4.78900000000000e-07;1.16395833333333e+02
4.80375000000000e-07;1.14372023809524e+02
4.81850000000000e-07;1.12764880952381e+02
4.83325000000000e-07;1.11563988095238e+02
4.84800000000000e-07;1.09385416666667e+02
4.86275000000000e-07;1.06168154761905e+02
4.87750000000000e-07;1.02311011904762e+02
4.89225000000000e-07;9.82693452380953e+01
4.90700000000000e-07;9.48467261904762e+01
4.92175000000000e-07;9.27752976190477e+01
4.93650000000000e-07;9.22619047619048e+01
4.95125000000000e-07;9.27485119047620e+01
4.96600000000000e-07;9.66577380952381e+01
4.98075000000000e-07;1.02266369047619e+02
4.99550000000000e-07;1.08846726190476e+02
5.01025000000000e-07;1.15553571428572e+02
5.02500000000000e-07;1.22093750000000e+02
5.03975000000000e-07;1.27299107142857e+02
5.05450000000000e-07;1.34360119047619e+02
5.06925000000000e-07;1.42696428571429e+02
5.08400000000000e-07;1.51525297619048e+02
5.09875000000000e-07;1.61086309523810e+02
5.11350000000000e-07;1.69958333333333e+02
5.12825000000000e-07;1.75873511904762e+02
5.14300000000000e-07;1.79055059523810e+02
5.15775000000000e-07;1.79595238095238e+02
5.17250000000000e-07;1.77913690476191e+02
5.18725000000000e-07;1.76211309523810e+02
5.20200000000000e-07;1.74736607142857e+02
5.21675000000000e-07;1.73366071428572e+02
5.23150000000000e-07;1.71982142857143e+02
5.24625000000000e-07;1.70306547619048e+02
5.26100000000000e-07;1.68293154761905e+02
5.27575000000000e-07;1.66011904761905e+02
5.29050000000000e-07;1.63934523809524e+02
5.30525000000000e-07;1.61889880952381e+02
5.32000000000000e-07;1.60233630952381e+02
5.33475000000000e-07;1.59250000000000e+02
5.34950000000000e-07;1.57258928571429e+02
5.36425000000000e-07;1.53464285714286e+02
5.37900000000000e-07;1.48206845238095e+02
5.39375000000000e-07;1.41949404761905e+02
5.40850000000000e-07;1.35209821428572e+02
5.42325000000000e-07;1.29101190476191e+02
5.43800000000000e-07;1.23245535714286e+02
5.45275000000000e-07;1.16611607142857e+02
5.46750000000000e-07;1.10007440476191e+02
5.48225000000000e-07;1.03412202380952e+02
5.49700000000000e-07;9.68898809523810e+01
5.51175000000000e-07;9.08139880952381e+01
5.52650000000000e-07;8.53422619047620e+01
5.54125000000000e-07;7.92842261904762e+01
5.55600000000000e-07;7.21875000000001e+01
5.57075000000000e-07;6.43184523809524e+01
5.58550000000000e-07;5.66056547619048e+01
5.60025000000000e-07;4.99181547619048e+01
5.61500000000000e-07;4.48348214285715e+01
5.62975000000000e-07;4.09300595238095e+01
5.64450000000000e-07;3.73511904761905e+01
5.65925000000000e-07;3.40550595238095e+01
5.67400000000000e-07;3.05788690476191e+01
5.68875000000000e-07;2.74360119047619e+01
5.70350000000000e-07;2.43392857142857e+01
5.71825000000000e-07;2.14910714285714e+01
5.73300000000000e-07;1.91383928571429e+01
5.74775000000000e-07;1.72261904761905e+01
5.76250000000000e-07;1.57366071428572e+01
5.77725000000000e-07;1.47708333333333e+01
5.79200000000000e-07;1.35952380952381e+01
5.80675000000000e-07;1.25848214285714e+01
5.82150000000000e-07;1.11934523809524e+01
5.83625000000000e-07;9.72916666666668e+00
5.85100000000000e-07;8.44196428571429e+00
5.86575000000000e-07;7.47916666666667e+00
5.88050000000000e-07;6.79017857142858e+00
5.89525000000000e-07;6.54315476190477e+00
5.91000000000000e-07;6.21577380952382e+00
5.92475000000000e-07;6.03125000000000e+00
5.93950000000000e-07;5.88541666666667e+00
5.95425000000000e-07;5.83928571428572e+00
5.96900000000000e-07;5.90773809523810e+00
5.98375000000000e-07;6.05059523809524e+00
5.99850000000000e-07;6.29017857142858e+00
6.01325000000000e-07;6.90625000000001e+00
6.02800000000000e-07;8.26488095238096e+00
6.04275000000000e-07;9.82291666666668e+00
6.05750000000000e-07;1.29598214285714e+01
6.07225000000000e-07;1.70000000000000e+01
6.08700000000000e-07;2.22291666666667e+01
6.10175000000000e-07;2.89389880952381e+01
6.11650000000000e-07;3.66934523809524e+01
6.13125000000000e-07;4.37931547619048e+01
6.14600000000000e-07;5.13943452380953e+01
6.16075000000000e-07;5.79627976190477e+01
6.17550000000000e-07;6.42946428571429e+01
6.19025000000000e-07;7.00535714285715e+01
6.20500000000000e-07;7.51205357142858e+01
6.21975000000000e-07;7.88779761904763e+01
6.23450000000000e-07;8.14241071428572e+01
6.24925000000000e-07;8.24360119047620e+01
6.26400000000000e-07;8.30104166666667e+01
6.27875000000000e-07;8.32827380952381e+01
6.29350000000000e-07;8.35982142857143e+01
6.30825000000000e-07;8.37678571428572e+01
6.32300000000000e-07;8.35327380952381e+01
6.33775000000000e-07;8.29032738095239e+01
6.35250000000000e-07;8.29017857142858e+01
6.36725000000000e-07;8.41026785714286e+01
6.38200000000000e-07;8.45565476190477e+01
6.39675000000000e-07;8.27142857142858e+01
6.41150000000000e-07;7.61502976190477e+01
6.42625000000000e-07;6.58690476190476e+01
6.44100000000000e-07;5.33958333333334e+01
6.45575000000000e-07;4.12083333333333e+01
6.47050000000000e-07;3.06235119047619e+01
6.48525000000000e-07;2.23065476190476e+01
6.50000000000000e-07;1.53779761904762e+01
6.51475000000000e-07;1.12023809523810e+01
6.52950000000000e-07;8.08482142857143e+00
6.54425000000000e-07;5.93898809523810e+00
6.55900000000000e-07;4.76785714285715e+00
6.57375000000000e-07;3.90773809523810e+00
6.58850000000000e-07;3.30505952380953e+00
6.60325000000000e-07;3.18154761904762e+00
6.61800000000000e-07;2.82440476190476e+00
6.63275000000000e-07;2.55059523809524e+00
6.64750000000000e-07;2.33779761904762e+00
6.66225000000000e-07;2.17113095238095e+00
6.67700000000000e-07;2.08184523809524e+00
6.69175000000000e-07;2.01934523809524e+00
6.70650000000000e-07;1.98363095238095e+00
6.72125000000000e-07;2.00595238095238e+00
6.73600000000000e-07;2.00892857142857e+00
6.75075000000000e-07;2.00297619047619e+00
6.76550000000000e-07;2.02083333333333e+00
6.78025000000000e-07;2.01116071428571e+00
6.79500000000000e-07;1.99107142857143e+00
6.80975000000000e-07;1.96056547619048e+00
