3.72700000000000e-07;2.78930202217874e+00
3.74175000000000e-07;2.72994129158513e+00
3.75650000000000e-07;2.68884540117417e+00
3.77125000000000e-07;2.66601435094586e+00
3.78600000000000e-07;2.64644487932159e+00
3.80075000000000e-07;2.65949119373777e+00
3.81550000000000e-07;2.71559034572733e+00
3.83025000000000e-07;2.78669275929550e+00
3.84500000000000e-07;2.85192433137639e+00
3.85975000000000e-07;2.88127853881279e+00
3.87450000000000e-07;2.91389432485323e+00
3.88925000000000e-07;2.92759295499022e+00
3.90400000000000e-07;2.95759947814742e+00
3.91875000000000e-07;2.96216568819309e+00
3.93350000000000e-07;3.00326157860405e+00
3.94825000000000e-07;3.05348988910633e+00
3.96300000000000e-07;3.11872146118722e+00
3.97775000000000e-07;3.16242661448141e+00
3.99250000000000e-07;3.17873450750163e+00
4.00725000000000e-07;3.15916503587736e+00
4.02200000000000e-07;3.18330071754729e+00
4.03675000000000e-07;3.17808219178082e+00
4.05150000000000e-07;3.27005870841487e+00
4.06625000000000e-07;3.38225701239400e+00
4.08100000000000e-07;3.48336594911937e+00
4.09575000000000e-07;3.58904109589041e+00
4.11050000000000e-07;3.67384213959557e+00
4.12525000000000e-07;3.70384866275277e+00
4.14000000000000e-07;3.85779517286367e+00
4.15475000000000e-07;4.00391389432486e+00
4.16950000000000e-07;4.17742987606002e+00
4.18425000000000e-07;4.56033920417482e+00
4.19900000000000e-07;5.30332681017613e+00
4.21375000000000e-07;6.32354859752121e+00
4.22850000000000e-07;7.47945205479453e+00
4.24325000000000e-07;8.78408349641227e+00
4.25800000000000e-07;1.06562296151337e+01
4.27275000000000e-07;1.28447488584475e+01
4.28750000000000e-07;1.60717547292890e+01
4.30225000000000e-07;2.01872146118722e+01
4.31700000000000e-07;2.50593607305936e+01
4.33175000000000e-07;3.01904761904762e+01
4.34650000000000e-07;3.60032615786041e+01
4.36125000000000e-07;4.25231572080888e+01
4.37600000000000e-07;5.06046966731899e+01
4.39075000000000e-07;5.96966731898239e+01
4.40550000000000e-07;6.81552511415525e+01
4.42025000000000e-07;7.41330724070450e+01
4.43500000000000e-07;7.76353555120678e+01
4.44975000000000e-07;7.94801043705154e+01
4.46450000000000e-07;8.12106979778213e+01
4.47925000000000e-07;8.39608610567516e+01
4.49400000000000e-07;8.76373124592303e+01
4.50875000000000e-07;9.18923679060667e+01
4.52350000000000e-07;9.66438356164385e+01
4.53825000000000e-07;1.01180039138943e+02
4.55300000000000e-07;1.05275929549902e+02
4.56775000000000e-07;1.08908675799087e+02
4.58250000000000e-07;1.12144161774299e+02
4.59725000000000e-07;1.14889758643183e+02
4.61200000000000e-07;1.17128506196999e+02
4.62675000000000e-07;1.18546640574038e+02
4.64150000000000e-07;1.19400521852577e+02
4.65625000000000e-07;1.19791911285062e+02
4.67100000000000e-07;1.20142857142857e+02
4.68575000000000e-07;1.20437051532942e+02
4.70050000000000e-07;1.20381604696673e+02
4.71525000000000e-07;1.19848662752772e+02
4.73000000000000e-07;1.18986301369863e+02
4.74475000000000e-07;1.17924331376386e+02
4.75950000000000e-07;1.16726679712981e+02
4.77425000000000e-07;1.15516634050881e+02
4.78900000000000e-07;1.14271363339857e+02
4.80375000000000e-07;1.13042400521853e+02
4.81850000000000e-07;1.11521852576647e+02
4.83325000000000e-07;1.09332681017613e+02
4.84800000000000e-07;1.06006523157208e+02
4.86275000000000e-07;1.01722765818656e+02
4.87750000000000e-07;9.72824527071103e+01
4.89225000000000e-07;9.31689497716895e+01
4.90700000000000e-07;8.97710371819962e+01
4.92175000000000e-07;8.74983692106981e+01
4.93650000000000e-07;8.67664709719504e+01
4.95125000000000e-07;8.64370515329420e+01
4.96600000000000e-07;8.94377038486629e+01
4.98075000000000e-07;9.46118721461188e+01
4.99550000000000e-07;1.01230919765166e+02
5.01025000000000e-07;1.08153946510111e+02
5.02500000000000e-07;1.14538160469667e+02
5.03975000000000e-07;1.19264840182648e+02
5.05450000000000e-07;1.26059360730594e+02
5.06925000000000e-07;1.34435094585780e+02
5.08400000000000e-07;1.43822570123940e+02
5.09875000000000e-07;1.52669928245271e+02
5.11350000000000e-07;1.61268754076973e+02
5.12825000000000e-07;1.68127853881279e+02
5.14300000000000e-07;1.73203522504892e+02
5.15775000000000e-07;1.76029354207437e+02
5.17250000000000e-07;1.76568166992825e+02
5.18725000000000e-07;1.75442922374429e+02
5.20200000000000e-07;1.74703196347032e+02
5.21675000000000e-07;1.73625570776256e+02
5.23150000000000e-07;1.72156555772994e+02
5.24625000000000e-07;1.70080887149380e+02
5.26100000000000e-07;1.67625570776256e+02
5.27575000000000e-07;1.65260926288324e+02
5.29050000000000e-07;1.63354207436399e+02
5.30525000000000e-07;1.61840834964123e+02
5.32000000000000e-07;1.60542074363992e+02
5.33475000000000e-07;1.58576647097195e+02
5.34950000000000e-07;1.54852576647097e+02
5.36425000000000e-07;1.49305936073059e+02
5.37900000000000e-07;1.42711024135682e+02
5.39375000000000e-07;1.35948467058056e+02
5.40850000000000e-07;1.29630136986301e+02
5.42325000000000e-07;1.23680365296804e+02
5.43800000000000e-07;1.17708414872799e+02
5.45275000000000e-07;1.11554468362688e+02
5.46750000000000e-07;1.05332028701892e+02
5.48225000000000e-07;9.89275929549903e+01
5.49700000000000e-07;9.27951728636661e+01
5.51175000000000e-07;8.70000000000001e+01
5.52650000000000e-07;8.13894324853230e+01
5.54125000000000e-07;7.54872798434443e+01
5.55600000000000e-07;6.86242661448142e+01
5.57075000000000e-07;6.11135029354208e+01
5.58550000000000e-07;5.41043705153295e+01
5.60025000000000e-07;4.83281148075669e+01
5.61500000000000e-07;4.37586431833007e+01
5.62975000000000e-07;4.00260926288324e+01
5.64450000000000e-07;3.64090019569472e+01
5.65925000000000e-07;3.28349641226354e+01
5.67400000000000e-07;2.92785388127854e+01
5.68875000000000e-07;2.62250489236791e+01
5.70350000000000e-07;2.32596216568819e+01
5.71825000000000e-07;2.06862361382910e+01
5.73300000000000e-07;1.85231572080887e+01
5.74775000000000e-07;1.67423352902805e+01
5.76250000000000e-07;1.52230919765166e+01
5.77725000000000e-07;1.41050228310502e+01
5.79200000000000e-07;1.28636660143510e+01
5.80675000000000e-07;1.18962818003914e+01
5.82150000000000e-07;1.06040443574690e+01
5.83625000000000e-07;9.29941291585128e+00
5.85100000000000e-07;8.09328114807567e+00
5.86575000000000e-07;7.14677103718200e+00
5.88050000000000e-07;6.47488584474887e+00
5.89525000000000e-07;6.25570776255708e+00
5.91000000000000e-07;5.94324853228963e+00
5.92475000000000e-07;5.78734507501631e+00
5.93950000000000e-07;5.63013698630137e+00
5.95425000000000e-07;5.51206784083496e+00
5.96900000000000e-07;5.46183953033269e+00
5.98375000000000e-07;5.48140900195695e+00
5.99850000000000e-07;5.59491193737769e+00
6.01325000000000e-07;6.04109589041096e+00
6.02800000000000e-07;7.14481409001958e+00
6.04275000000000e-07;8.35616438356166e+00
6.05750000000000e-07;1.09549902152642e+01
6.07225000000000e-07;1.43365949119374e+01
6.08700000000000e-07;1.86053489889106e+01
6.10175000000000e-07;2.40802348336595e+01
6.11650000000000e-07;3.07703848662753e+01
6.13125000000000e-07;3.73607305936073e+01
6.14600000000000e-07;4.50861056751468e+01
6.16075000000000e-07;5.18838878016960e+01
6.17550000000000e-07;5.84233529028050e+01
6.19025000000000e-07;6.40978473581214e+01
6.20500000000000e-07;6.90208741030659e+01
6.21975000000000e-07;7.30123939986954e+01
6.23450000000000e-07;7.66510110893673e+01
6.24925000000000e-07;7.91500326157861e+01
6.26400000000000e-07;8.14324853228963e+01
6.27875000000000e-07;8.28238747553817e+01
6.29350000000000e-07;8.36196999347685e+01
6.30825000000000e-07;8.37873450750163e+01
6.32300000000000e-07;8.34631441617744e+01
6.33775000000000e-07;8.29882583170255e+01
6.35250000000000e-07;8.32217873450751e+01
6.36725000000000e-07;8.41924331376387e+01
6.38200000000000e-07;8.38284409654273e+01
6.39675000000000e-07;8.07442922374430e+01
6.41150000000000e-07;7.35753424657535e+01
6.42625000000000e-07;6.35362035225049e+01
6.44100000000000e-07;5.19275929549903e+01
6.45575000000000e-07;4.06164383561644e+01
6.47050000000000e-07;3.03711676451403e+01
6.48525000000000e-07;2.19015003261579e+01
6.50000000000000e-07;1.51193737769080e+01
6.51475000000000e-07;1.09634703196347e+01
6.52950000000000e-07;7.81865622961514e+00
6.54425000000000e-07;5.66144814090020e+00
6.55900000000000e-07;4.49510763209394e+00
6.57375000000000e-07;3.68884540117417e+00
6.58850000000000e-07;3.24200913242009e+00
6.60325000000000e-07;3.19373776908024e+00
6.61800000000000e-07;2.96868884540118e+00
6.63275000000000e-07;2.83235485975212e+00
6.64750000000000e-07;2.63144161774299e+00
6.66225000000000e-07;2.40182648401827e+00
6.67700000000000e-07;2.21722113502936e+00
6.69175000000000e-07;2.05348988910633e+00
6.70650000000000e-07;1.97782126549250e+00
6.72125000000000e-07;2.01369863013699e+00
6.73600000000000e-07;2.00195694716243e+00
6.75075000000000e-07;1.99347684279191e+00
6.76550000000000e-07;2.00130463144162e+00
6.78025000000000e-07;2.00782778864971e+00
6.79500000000000e-07;2.01761252446184e+00
6.80975000000000e-07;2.03065883887802e+00
