3.72700000000000e-07;2.98109243697479e+00
3.74175000000000e-07;2.80252100840336e+00
3.75650000000000e-07;2.67016806722689e+00
3.77125000000000e-07;2.58403361344538e+00
3.78600000000000e-07;2.53501400560224e+00
3.80075000000000e-07;2.52941176470588e+00
3.81550000000000e-07;2.59943977591037e+00
3.83025000000000e-07;2.73949579831933e+00
3.84500000000000e-07;2.84593837535014e+00
3.85975000000000e-07;2.94817927170869e+00
3.87450000000000e-07;2.98879551820729e+00
3.88925000000000e-07;2.95238095238095e+00
3.90400000000000e-07;2.93977591036415e+00
3.91875000000000e-07;2.90616246498600e+00
3.93350000000000e-07;2.91316526610644e+00
3.94825000000000e-07;2.95238095238095e+00
3.96300000000000e-07;3.00700280112045e+00
3.97775000000000e-07;3.07282913165266e+00
3.99250000000000e-07;3.11764705882353e+00
4.00725000000000e-07;3.10364145658263e+00
4.02200000000000e-07;3.12885154061625e+00
4.03675000000000e-07;3.11484593837535e+00
4.05150000000000e-07;3.19607843137255e+00
4.06625000000000e-07;3.36834733893558e+00
4.08100000000000e-07;3.56442577030813e+00
4.09575000000000e-07;3.71288515406163e+00
4.11050000000000e-07;3.83193277310925e+00
4.12525000000000e-07;3.85714285714286e+00
4.14000000000000e-07;3.97619047619048e+00
4.15475000000000e-07;4.06582633053222e+00
4.16950000000000e-07;4.21008403361345e+00
4.18425000000000e-07;4.61904761904762e+00
4.19900000000000e-07;5.49439775910365e+00
4.21375000000000e-07;6.64565826330533e+00
4.22850000000000e-07;7.79131652661065e+00
4.24325000000000e-07;8.98599439775911e+00
4.25800000000000e-07;1.09159663865546e+01
4.27275000000000e-07;1.36344537815126e+01
4.28750000000000e-07;1.73823529411765e+01
4.30225000000000e-07;2.16988795518207e+01
4.31700000000000e-07;2.61750700280112e+01
4.33175000000000e-07;3.10000000000000e+01
4.34650000000000e-07;3.71932773109244e+01
4.36125000000000e-07;4.44789915966387e+01
4.37600000000000e-07;5.30672268907563e+01
4.39075000000000e-07;6.22394957983194e+01
4.40550000000000e-07;7.00098039215687e+01
4.42025000000000e-07;7.53333333333334e+01
4.43500000000000e-07;7.86498599439776e+01
4.44975000000000e-07;8.05504201680673e+01
4.46450000000000e-07;8.24943977591037e+01
4.47925000000000e-07;8.54705882352942e+01
4.49400000000000e-07;8.92577030812326e+01
4.50875000000000e-07;9.37969187675071e+01
4.52350000000000e-07;9.90546218487396e+01
4.53825000000000e-07;1.04249299719888e+02
4.55300000000000e-07;1.08798319327731e+02
4.56775000000000e-07;1.12469187675070e+02
4.58250000000000e-07;1.15546218487395e+02
4.59725000000000e-07;1.18107843137255e+02
4.61200000000000e-07;1.20229691876751e+02
4.62675000000000e-07;1.21638655462185e+02
4.64150000000000e-07;1.22179271708684e+02
4.65625000000000e-07;1.22254901960784e+02
4.67100000000000e-07;1.22600840336135e+02
4.68575000000000e-07;1.22871148459384e+02
4.70050000000000e-07;1.22691876750700e+02
4.71525000000000e-07;1.22035014005602e+02
4.73000000000000e-07;1.20844537815126e+02
4.74475000000000e-07;1.19523809523810e+02
4.75950000000000e-07;1.18627450980392e+02
4.77425000000000e-07;1.17607843137255e+02
4.78900000000000e-07;1.16334733893557e+02
4.80375000000000e-07;1.15004201680672e+02
4.81850000000000e-07;1.13492997198880e+02
4.83325000000000e-07;1.11340336134454e+02
4.84800000000000e-07;1.08431372549020e+02
4.86275000000000e-07;1.04392156862745e+02
4.87750000000000e-07;1.00180672268908e+02
4.89225000000000e-07;9.62184873949580e+01
4.90700000000000e-07;9.29649859943978e+01
4.92175000000000e-07;9.08431372549020e+01
4.93650000000000e-07;9.03375350140056e+01
4.95125000000000e-07;9.04159663865547e+01
4.96600000000000e-07;9.37464985994399e+01
4.98075000000000e-07;9.90420168067228e+01
4.99550000000000e-07;1.05364145658263e+02
5.01025000000000e-07;1.12287114845938e+02
5.02500000000000e-07;1.19270308123249e+02
5.03975000000000e-07;1.24935574229692e+02
5.05450000000000e-07;1.32168067226891e+02
5.06925000000000e-07;1.40396358543417e+02
5.08400000000000e-07;1.48943977591037e+02
5.09875000000000e-07;1.57872549019608e+02
5.11350000000000e-07;1.66896358543417e+02
5.12825000000000e-07;1.73575630252101e+02
5.14300000000000e-07;1.77467787114846e+02
5.15775000000000e-07;1.78417366946779e+02
5.17250000000000e-07;1.77271708683473e+02
5.18725000000000e-07;1.75570028011205e+02
5.20200000000000e-07;1.74694677871149e+02
5.21675000000000e-07;1.73676470588235e+02
5.23150000000000e-07;1.72268907563025e+02
5.24625000000000e-07;1.70348739495798e+02
5.26100000000000e-07;1.68165266106443e+02
5.27575000000000e-07;1.65805322128852e+02
5.29050000000000e-07;1.63735294117647e+02
5.30525000000000e-07;1.61826330532213e+02
5.32000000000000e-07;1.60519607843137e+02
5.33475000000000e-07;1.59476190476191e+02
5.34950000000000e-07;1.57077030812325e+02
5.36425000000000e-07;1.53043417366947e+02
5.37900000000000e-07;1.47203081232493e+02
5.39375000000000e-07;1.40032212885154e+02
5.40850000000000e-07;1.33046218487395e+02
5.42325000000000e-07;1.26826330532213e+02
5.43800000000000e-07;1.20810924369748e+02
5.45275000000000e-07;1.15040616246499e+02
5.46750000000000e-07;1.08892156862745e+02
5.48225000000000e-07;1.02235294117647e+02
5.49700000000000e-07;9.59425770308124e+01
5.51175000000000e-07;9.00126050420169e+01
5.52650000000000e-07;8.41582633053222e+01
5.54125000000000e-07;7.80392156862745e+01
5.55600000000000e-07;7.09187675070028e+01
5.57075000000000e-07;6.33319327731093e+01
5.58550000000000e-07;5.63851540616247e+01
5.60025000000000e-07;5.05392156862745e+01
5.61500000000000e-07;4.56232492997199e+01
5.62975000000000e-07;4.13473389355743e+01
5.64450000000000e-07;3.71092436974790e+01
5.65925000000000e-07;3.32913165266107e+01
5.67400000000000e-07;2.97521008403362e+01
5.68875000000000e-07;2.70420168067227e+01
5.70350000000000e-07;2.43963585434174e+01
5.71825000000000e-07;2.19509803921569e+01
5.73300000000000e-07;1.96974789915966e+01
5.74775000000000e-07;1.77254901960784e+01
5.76250000000000e-07;1.59299719887955e+01
5.77725000000000e-07;1.46806722689076e+01
5.79200000000000e-07;1.33347338935574e+01
5.80675000000000e-07;1.23039215686275e+01
5.82150000000000e-07;1.09901960784314e+01
5.83625000000000e-07;9.72969187675071e+00
5.85100000000000e-07;8.46778711484595e+00
5.86575000000000e-07;7.39075630252102e+00
5.88050000000000e-07;6.57002801120449e+00
5.89525000000000e-07;6.25070028011205e+00
5.91000000000000e-07;5.88795518207283e+00
5.92475000000000e-07;5.74229691876751e+00
5.93950000000000e-07;5.60224089635854e+00
5.95425000000000e-07;5.50840336134454e+00
5.96900000000000e-07;5.55462184873950e+00
5.98375000000000e-07;5.77310924369748e+00
5.99850000000000e-07;6.12184873949580e+00
6.01325000000000e-07;6.76610644257704e+00
6.02800000000000e-07;8.09803921568628e+00
6.04275000000000e-07;9.42577030812326e+00
6.05750000000000e-07;1.21974789915966e+01
6.07225000000000e-07;1.59257703081233e+01
6.08700000000000e-07;2.07408963585434e+01
6.10175000000000e-07;2.70672268907563e+01
6.11650000000000e-07;3.45952380952381e+01
6.13125000000000e-07;4.14481792717087e+01
6.14600000000000e-07;4.90896358543418e+01
6.16075000000000e-07;5.58305322128852e+01
6.17550000000000e-07;6.20280112044818e+01
6.19025000000000e-07;6.75014005602242e+01
6.20500000000000e-07;7.23417366946779e+01
6.21975000000000e-07;7.61120448179272e+01
6.23450000000000e-07;7.93291316526612e+01
6.24925000000000e-07;8.12717086834734e+01
6.26400000000000e-07;8.25140056022410e+01
6.27875000000000e-07;8.29509803921569e+01
6.29350000000000e-07;8.34033613445379e+01
6.30825000000000e-07;8.36652661064427e+01
6.32300000000000e-07;8.35728291316527e+01
6.33775000000000e-07;8.30560224089636e+01
6.35250000000000e-07;8.30770308123250e+01
6.36725000000000e-07;8.41316526610645e+01
6.38200000000000e-07;8.44383753501401e+01
6.39675000000000e-07;8.20056022408964e+01
6.41150000000000e-07;7.52184873949580e+01
6.42625000000000e-07;6.50742296918768e+01
6.44100000000000e-07;5.30350140056023e+01
6.45575000000000e-07;4.13361344537815e+01
6.47050000000000e-07;3.09425770308123e+01
6.48525000000000e-07;2.23697478991597e+01
6.50000000000000e-07;1.54579831932773e+01
6.51475000000000e-07;1.12436974789916e+01
6.52950000000000e-07;8.08963585434174e+00
6.54425000000000e-07;5.94537815126051e+00
6.55900000000000e-07;4.74229691876751e+00
6.57375000000000e-07;3.89495798319328e+00
6.58850000000000e-07;3.30392156862745e+00
6.60325000000000e-07;3.13025210084034e+00
6.61800000000000e-07;2.78431372549020e+00
6.63275000000000e-07;2.60084033613446e+00
6.64750000000000e-07;2.45378151260504e+00
6.66225000000000e-07;2.32352941176471e+00
6.67700000000000e-07;2.19887955182073e+00
6.69175000000000e-07;2.12044817927171e+00
6.70650000000000e-07;2.04481792717087e+00
6.72125000000000e-07;2.03361344537815e+00
6.73600000000000e-07;2.01820728291317e+00
6.75075000000000e-07;1.98739495798319e+00
6.76550000000000e-07;1.98039215686275e+00
6.78025000000000e-07;1.97899159663866e+00
6.79500000000000e-07;1.98529411764706e+00
6.80975000000000e-07;1.99929971988796e+00
