3.72700000000000e-07;2.72232947232947e+00
3.74175000000000e-07;2.61583011583012e+00
3.75650000000000e-07;2.53185328185328e+00
3.77125000000000e-07;2.47039897039897e+00
3.78600000000000e-07;2.41763191763192e+00
3.80075000000000e-07;2.37387387387388e+00
3.81550000000000e-07;2.44530244530245e+00
3.83025000000000e-07;2.56435006435007e+00
3.84500000000000e-07;2.72072072072072e+00
3.85975000000000e-07;2.86164736164736e+00
3.87450000000000e-07;2.94658944658945e+00
3.88925000000000e-07;2.90154440154440e+00
3.90400000000000e-07;2.86615186615187e+00
3.91875000000000e-07;2.77348777348777e+00
3.93350000000000e-07;2.77348777348777e+00
3.94825000000000e-07;2.82432432432433e+00
3.96300000000000e-07;2.93500643500644e+00
3.97775000000000e-07;3.03153153153153e+00
3.99250000000000e-07;3.10296010296011e+00
4.00725000000000e-07;3.11068211068211e+00
4.02200000000000e-07;3.14221364221364e+00
4.03675000000000e-07;3.11196911196911e+00
4.05150000000000e-07;3.21235521235521e+00
4.06625000000000e-07;3.35199485199486e+00
4.08100000000000e-07;3.48777348777349e+00
4.09575000000000e-07;3.61196911196911e+00
4.11050000000000e-07;3.69626769626770e+00
4.12525000000000e-07;3.75225225225226e+00
4.14000000000000e-07;3.92342342342343e+00
4.15475000000000e-07;4.02638352638353e+00
4.16950000000000e-07;4.22522522522523e+00
4.18425000000000e-07;4.62998712998713e+00
4.19900000000000e-07;5.40733590733591e+00
4.21375000000000e-07;6.50193050193051e+00
4.22850000000000e-07;7.73359073359074e+00
4.24325000000000e-07;9.20141570141571e+00
4.25800000000000e-07;1.14845559845560e+01
4.27275000000000e-07;1.44060489060489e+01
4.28750000000000e-07;1.80315315315315e+01
4.30225000000000e-07;2.20128700128700e+01
4.31700000000000e-07;2.62175032175032e+01
4.33175000000000e-07;3.09665379665380e+01
4.34650000000000e-07;3.72844272844273e+01
4.36125000000000e-07;4.50006435006435e+01
4.37600000000000e-07;5.37908622908623e+01
4.39075000000000e-07;6.29884169884170e+01
4.40550000000000e-07;7.06936936936937e+01
4.42025000000000e-07;7.57445302445303e+01
4.43500000000000e-07;7.87258687258688e+01
4.44975000000000e-07;8.04768339768341e+01
4.46450000000000e-07;8.22734877734878e+01
4.47925000000000e-07;8.54588159588161e+01
4.49400000000000e-07;8.97329472329473e+01
4.50875000000000e-07;9.43738738738739e+01
4.52350000000000e-07;9.94356499356500e+01
4.53825000000000e-07;1.04274774774775e+02
4.55300000000000e-07;1.08471685971686e+02
4.56775000000000e-07;1.12108751608752e+02
4.58250000000000e-07;1.15292792792793e+02
4.59725000000000e-07;1.17879021879022e+02
4.61200000000000e-07;1.20167953667954e+02
4.62675000000000e-07;1.21778635778636e+02
4.64150000000000e-07;1.22500000000000e+02
4.65625000000000e-07;1.22480694980695e+02
4.67100000000000e-07;1.22548262548263e+02
4.68575000000000e-07;1.22676962676963e+02
4.70050000000000e-07;1.22599099099099e+02
4.71525000000000e-07;1.22113256113256e+02
4.73000000000000e-07;1.21129343629344e+02
4.74475000000000e-07;1.20020592020592e+02
4.75950000000000e-07;1.19016731016731e+02
4.77425000000000e-07;1.17780566280566e+02
4.78900000000000e-07;1.16186615186615e+02
4.80375000000000e-07;1.14378378378379e+02
4.81850000000000e-07;1.12496782496783e+02
4.83325000000000e-07;1.10634491634492e+02
4.84800000000000e-07;1.08119047619048e+02
4.86275000000000e-07;1.04630630630631e+02
4.87750000000000e-07;1.00632561132561e+02
4.89225000000000e-07;9.66003861003861e+01
4.90700000000000e-07;9.30810810810811e+01
4.92175000000000e-07;9.07741312741314e+01
4.93650000000000e-07;9.03564993564994e+01
4.95125000000000e-07;9.09189189189190e+01
4.96600000000000e-07;9.45662805662807e+01
4.98075000000000e-07;1.00103603603604e+02
4.99550000000000e-07;1.06690476190476e+02
5.01025000000000e-07;1.13492921492922e+02
5.02500000000000e-07;1.19967181467182e+02
5.03975000000000e-07;1.25277992277992e+02
5.05450000000000e-07;1.32265122265122e+02
5.06925000000000e-07;1.40388030888031e+02
5.08400000000000e-07;1.49236808236808e+02
5.09875000000000e-07;1.58346203346203e+02
5.11350000000000e-07;1.67225868725869e+02
5.12825000000000e-07;1.73792149292149e+02
5.14300000000000e-07;1.77570141570142e+02
5.15775000000000e-07;1.78610682110682e+02
5.17250000000000e-07;1.77613256113256e+02
5.18725000000000e-07;1.75850064350064e+02
5.20200000000000e-07;1.74835263835264e+02
5.21675000000000e-07;1.73661518661519e+02
5.23150000000000e-07;1.72146718146718e+02
5.24625000000000e-07;1.70401544401545e+02
5.26100000000000e-07;1.68384169884170e+02
5.27575000000000e-07;1.66039253539254e+02
5.29050000000000e-07;1.63799871299872e+02
5.30525000000000e-07;1.61705920205920e+02
5.32000000000000e-07;1.60283140283140e+02
5.33475000000000e-07;1.59105534105534e+02
5.34950000000000e-07;1.56731660231660e+02
5.36425000000000e-07;1.52557915057915e+02
5.37900000000000e-07;1.46796010296010e+02
5.39375000000000e-07;1.39993564993565e+02
5.40850000000000e-07;1.33301158301158e+02
5.42325000000000e-07;1.27193693693694e+02
5.43800000000000e-07;1.21329472329472e+02
5.45275000000000e-07;1.15338481338481e+02
5.46750000000000e-07;1.08939510939511e+02
5.48225000000000e-07;1.02123552123552e+02
5.49700000000000e-07;9.56866151866153e+01
5.51175000000000e-07;8.96364221364222e+01
5.52650000000000e-07;8.38249678249679e+01
5.54125000000000e-07;7.78397683397684e+01
5.55600000000000e-07;7.09459459459460e+01
5.57075000000000e-07;6.33294723294724e+01
5.58550000000000e-07;5.63230373230374e+01
5.60025000000000e-07;5.03101673101673e+01
5.61500000000000e-07;4.53127413127413e+01
5.62975000000000e-07;4.12477477477478e+01
5.64450000000000e-07;3.76647361647362e+01
5.65925000000000e-07;3.41023166023166e+01
5.67400000000000e-07;3.05373230373231e+01
5.68875000000000e-07;2.74967824967825e+01
5.70350000000000e-07;2.42934362934363e+01
5.71825000000000e-07;2.13777348777349e+01
5.73300000000000e-07;1.89285714285714e+01
5.74775000000000e-07;1.68725868725869e+01
5.76250000000000e-07;1.51853281853282e+01
5.77725000000000e-07;1.41949806949807e+01
5.79200000000000e-07;1.30514800514801e+01
5.80675000000000e-07;1.22400257400258e+01
5.82150000000000e-07;1.09974259974260e+01
5.83625000000000e-07;9.62226512226513e+00
5.85100000000000e-07;8.33075933075933e+00
5.86575000000000e-07;7.32625482625483e+00
5.88050000000000e-07;6.63706563706564e+00
5.89525000000000e-07;6.41248391248392e+00
5.91000000000000e-07;6.03861003861004e+00
5.92475000000000e-07;5.79794079794080e+00
5.93950000000000e-07;5.61840411840412e+00
5.95425000000000e-07;5.55083655083655e+00
5.96900000000000e-07;5.61003861003861e+00
5.98375000000000e-07;5.76512226512227e+00
5.99850000000000e-07;6.07850707850708e+00
6.01325000000000e-07;6.74066924066925e+00
6.02800000000000e-07;8.11389961389962e+00
6.04275000000000e-07;9.47361647361648e+00
6.05750000000000e-07;1.24935649935650e+01
6.07225000000000e-07;1.64453024453025e+01
6.08700000000000e-07;2.12908622908623e+01
6.10175000000000e-07;2.73256113256113e+01
6.11650000000000e-07;3.44575289575290e+01
6.13125000000000e-07;4.11924066924067e+01
6.14600000000000e-07;4.91377091377092e+01
6.16075000000000e-07;5.58680823680824e+01
6.17550000000000e-07;6.22966537966538e+01
6.19025000000000e-07;6.80489060489061e+01
6.20500000000000e-07;7.32142857142857e+01
6.21975000000000e-07;7.73970398970399e+01
6.23450000000000e-07;8.06570141570142e+01
6.24925000000000e-07;8.19234234234235e+01
6.26400000000000e-07;8.26801801801802e+01
6.27875000000000e-07;8.28790218790219e+01
6.29350000000000e-07;8.32445302445303e+01
6.30825000000000e-07;8.35521235521236e+01
6.32300000000000e-07;8.34208494208495e+01
6.33775000000000e-07;8.28050193050194e+01
6.35250000000000e-07;8.27638352638353e+01
6.36725000000000e-07;8.38783783783785e+01
6.38200000000000e-07;8.42091377091378e+01
6.39675000000000e-07;8.18500643500644e+01
6.41150000000000e-07;7.50450450450451e+01
6.42625000000000e-07;6.48436293436294e+01
6.44100000000000e-07;5.28043758043758e+01
6.45575000000000e-07;4.11666666666667e+01
6.47050000000000e-07;3.07567567567568e+01
6.48525000000000e-07;2.21866151866152e+01
6.50000000000000e-07;1.52471042471043e+01
6.51475000000000e-07;1.10167310167310e+01
6.52950000000000e-07;7.84555984555986e+00
6.54425000000000e-07;5.64285714285715e+00
6.55900000000000e-07;4.41119691119691e+00
6.57375000000000e-07;3.57207207207207e+00
6.58850000000000e-07;3.05276705276705e+00
6.60325000000000e-07;3.00064350064350e+00
6.61800000000000e-07;2.74002574002574e+00
6.63275000000000e-07;2.56113256113256e+00
6.64750000000000e-07;2.40218790218790e+00
6.66225000000000e-07;2.23294723294723e+00
6.67700000000000e-07;2.10617760617761e+00
6.69175000000000e-07;2.04633204633205e+00
6.70650000000000e-07;2.01737451737452e+00
6.72125000000000e-07;2.04247104247104e+00
6.73600000000000e-07;2.03474903474903e+00
6.75075000000000e-07;2.02380952380953e+00
6.76550000000000e-07;2.00643500643501e+00
6.78025000000000e-07;2.00096525096525e+00
6.79500000000000e-07;2.00000000000000e+00
6.80975000000000e-07;2.00353925353925e+00
