3.72700000000000e-07;2.68438538205980e+00
3.74175000000000e-07;2.65116279069768e+00
3.75650000000000e-07;2.62292358803987e+00
3.77125000000000e-07;2.59966777408638e+00
3.78600000000000e-07;2.56976744186047e+00
3.80075000000000e-07;2.54097452934662e+00
3.81550000000000e-07;2.57696566998893e+00
3.83025000000000e-07;2.65503875968992e+00
3.84500000000000e-07;2.74307862679956e+00
3.85975000000000e-07;2.82779623477298e+00
3.87450000000000e-07;2.91196013289037e+00
3.88925000000000e-07;2.93133997785161e+00
3.90400000000000e-07;2.93023255813954e+00
3.91875000000000e-07;2.88759689922481e+00
3.93350000000000e-07;2.88704318936877e+00
3.94825000000000e-07;2.92358803986711e+00
3.96300000000000e-07;3.01716500553710e+00
3.97775000000000e-07;3.08914728682171e+00
3.99250000000000e-07;3.11517165005537e+00
4.00725000000000e-07;3.08194905869325e+00
4.02200000000000e-07;3.10908084163898e+00
4.03675000000000e-07;3.11240310077520e+00
4.05150000000000e-07;3.25968992248062e+00
4.06625000000000e-07;3.43521594684386e+00
4.08100000000000e-07;3.59911406423034e+00
4.09575000000000e-07;3.72259136212625e+00
4.11050000000000e-07;3.81339977851606e+00
4.12525000000000e-07;3.83388704318937e+00
4.14000000000000e-07;3.99723145071982e+00
4.15475000000000e-07;4.11572535991141e+00
4.16950000000000e-07;4.29069767441861e+00
4.18425000000000e-07;4.65559246954596e+00
4.19900000000000e-07;5.38482834994463e+00
4.21375000000000e-07;6.42801771871540e+00
4.22850000000000e-07;7.64008859357697e+00
4.24325000000000e-07;9.13676633444076e+00
4.25800000000000e-07;1.14042081949059e+01
4.27275000000000e-07;1.41733111849391e+01
4.28750000000000e-07;1.78189368770764e+01
4.30225000000000e-07;2.20930232558140e+01
4.31700000000000e-07;2.68139534883721e+01
4.33175000000000e-07;3.21406423034330e+01
4.34650000000000e-07;3.87486157253600e+01
4.36125000000000e-07;4.63106312292359e+01
4.37600000000000e-07;5.50531561461794e+01
4.39075000000000e-07;6.39928017718716e+01
4.40550000000000e-07;7.13244739756368e+01
4.42025000000000e-07;7.61544850498339e+01
4.43500000000000e-07;7.88864894795128e+01
4.44975000000000e-07;8.04274640088594e+01
4.46450000000000e-07;8.24307862679957e+01
4.47925000000000e-07;8.58433001107420e+01
4.49400000000000e-07;9.02447397563677e+01
4.50875000000000e-07;9.53039867109636e+01
4.52350000000000e-07;1.00557585825028e+02
4.53825000000000e-07;1.05289036544851e+02
4.55300000000000e-07;1.09343853820598e+02
4.56775000000000e-07;1.12942967884828e+02
4.58250000000000e-07;1.16135658914729e+02
4.59725000000000e-07;1.18849390919158e+02
4.61200000000000e-07;1.20990033222591e+02
4.62675000000000e-07;1.22484496124031e+02
4.64150000000000e-07;1.23203211517165e+02
4.65625000000000e-07;1.23364341085271e+02
4.67100000000000e-07;1.23463455149502e+02
4.68575000000000e-07;1.23418050941307e+02
4.70050000000000e-07;1.23040974529347e+02
4.71525000000000e-07;1.22467884828350e+02
4.73000000000000e-07;1.21590808416390e+02
4.74475000000000e-07;1.20449612403101e+02
4.75950000000000e-07;1.19178848283499e+02
4.77425000000000e-07;1.17668327796235e+02
4.78900000000000e-07;1.15907530454042e+02
4.80375000000000e-07;1.14245847176080e+02
4.81850000000000e-07;1.12778516057586e+02
4.83325000000000e-07;1.11188261351052e+02
4.84800000000000e-07;1.08768549280177e+02
4.86275000000000e-07;1.05062015503876e+02
4.87750000000000e-07;1.00885382059801e+02
4.89225000000000e-07;9.67679955703212e+01
4.90700000000000e-07;9.34557032115172e+01
4.92175000000000e-07;9.16766334440754e+01
4.93650000000000e-07;9.16976744186047e+01
4.95125000000000e-07;9.23660022148395e+01
4.96600000000000e-07;9.61013289036545e+01
4.98075000000000e-07;1.01408084163898e+02
4.99550000000000e-07;1.07562015503876e+02
5.01025000000000e-07;1.14330564784053e+02
5.02500000000000e-07;1.21038759689923e+02
5.03975000000000e-07;1.26540974529347e+02
5.05450000000000e-07;1.33822812846069e+02
5.06925000000000e-07;1.41968438538206e+02
5.08400000000000e-07;1.50483942414175e+02
5.09875000000000e-07;1.59688261351052e+02
5.11350000000000e-07;1.68593576965670e+02
5.12825000000000e-07;1.75011074197121e+02
5.14300000000000e-07;1.78652823920266e+02
5.15775000000000e-07;1.79280177187154e+02
5.17250000000000e-07;1.77662236987819e+02
5.18725000000000e-07;1.75735326688815e+02
5.20200000000000e-07;1.74594130675526e+02
5.21675000000000e-07;1.73509413067553e+02
5.23150000000000e-07;1.72152823920266e+02
5.24625000000000e-07;1.70512181616833e+02
5.26100000000000e-07;1.68462347729790e+02
5.27575000000000e-07;1.66179955703212e+02
5.29050000000000e-07;1.64060908084164e+02
5.30525000000000e-07;1.62043189368771e+02
5.32000000000000e-07;1.60594130675526e+02
5.33475000000000e-07;1.59467331118494e+02
5.34950000000000e-07;1.57222591362126e+02
5.36425000000000e-07;1.53296788482835e+02
5.37900000000000e-07;1.47760797342193e+02
5.39375000000000e-07;1.40893133997785e+02
5.40850000000000e-07;1.33879291251384e+02
5.42325000000000e-07;1.27421373200443e+02
5.43800000000000e-07;1.21397009966777e+02
5.45275000000000e-07;1.15341638981174e+02
5.46750000000000e-07;1.09240863787375e+02
5.48225000000000e-07;1.02691583610188e+02
5.49700000000000e-07;9.63870431893689e+01
5.51175000000000e-07;9.05199335548173e+01
5.52650000000000e-07;8.48549280177188e+01
5.54125000000000e-07;7.87126245847177e+01
5.55600000000000e-07;7.15836101882614e+01
5.57075000000000e-07;6.35404208194906e+01
5.58550000000000e-07;5.60227021040975e+01
5.60025000000000e-07;4.98482834994463e+01
5.61500000000000e-07;4.50708748615725e+01
5.62975000000000e-07;4.13427464008860e+01
5.64450000000000e-07;3.78715393133998e+01
5.65925000000000e-07;3.42779623477298e+01
5.67400000000000e-07;3.05437430786268e+01
5.68875000000000e-07;2.73493909191584e+01
5.70350000000000e-07;2.42807308970100e+01
5.71825000000000e-07;2.15653377630122e+01
5.73300000000000e-07;1.92657807308970e+01
5.74775000000000e-07;1.72868217054264e+01
5.76250000000000e-07;1.56129568106312e+01
5.77725000000000e-07;1.44573643410853e+01
5.79200000000000e-07;1.32153931339978e+01
5.80675000000000e-07;1.22331118493909e+01
5.82150000000000e-07;1.09086378737542e+01
5.83625000000000e-07;9.53045404208195e+00
5.85100000000000e-07;8.30786267995570e+00
5.86575000000000e-07;7.33056478405316e+00
5.88050000000000e-07;6.64728682170543e+00
5.89525000000000e-07;6.38427464008860e+00
5.91000000000000e-07;6.02823920265782e+00
5.92475000000000e-07;5.86877076411960e+00
5.93950000000000e-07;5.72148394241418e+00
5.95425000000000e-07;5.66943521594685e+00
5.96900000000000e-07;5.74307862679956e+00
5.98375000000000e-07;5.92303433001108e+00
5.99850000000000e-07;6.19213732004430e+00
6.01325000000000e-07;6.76079734219269e+00
6.02800000000000e-07;8.01605758582503e+00
6.04275000000000e-07;9.50830564784054e+00
6.05750000000000e-07;1.27242524916944e+01
6.07225000000000e-07;1.69080841638981e+01
6.08700000000000e-07;2.20514950166113e+01
6.10175000000000e-07;2.82508305647841e+01
6.11650000000000e-07;3.53394241417498e+01
6.13125000000000e-07;4.19629014396457e+01
6.14600000000000e-07;4.97098560354375e+01
6.16075000000000e-07;5.66533776301218e+01
6.17550000000000e-07;6.35420819490588e+01
6.19025000000000e-07;6.95919158361019e+01
6.20500000000000e-07;7.45830564784054e+01
6.21975000000000e-07;7.81871539313400e+01
6.23450000000000e-07;8.08660022148395e+01
6.24925000000000e-07;8.20215946843854e+01
6.26400000000000e-07;8.29069767441862e+01
6.27875000000000e-07;8.32619047619048e+01
6.29350000000000e-07;8.36040974529347e+01
6.30825000000000e-07;8.37619047619048e+01
6.32300000000000e-07;8.34784053156147e+01
6.33775000000000e-07;8.27973421926911e+01
6.35250000000000e-07;8.27502768549280e+01
6.36725000000000e-07;8.38399778516058e+01
6.38200000000000e-07;8.42342192691031e+01
6.39675000000000e-07;8.21367663344408e+01
6.41150000000000e-07;7.54008859357697e+01
6.42625000000000e-07;6.51295681063124e+01
6.44100000000000e-07;5.27918050941307e+01
6.45575000000000e-07;4.08272425249170e+01
6.47050000000000e-07;3.03964562569214e+01
6.48525000000000e-07;2.21699889258029e+01
6.50000000000000e-07;1.55000000000000e+01
6.51475000000000e-07;1.14047619047619e+01
6.52950000000000e-07;8.22480620155040e+00
6.54425000000000e-07;5.97397563676634e+00
6.55900000000000e-07;4.72812846068660e+00
6.57375000000000e-07;3.90753045404208e+00
6.58850000000000e-07;3.34717607973422e+00
6.60325000000000e-07;3.17552602436324e+00
6.61800000000000e-07;2.81506090808417e+00
6.63275000000000e-07;2.57032115171650e+00
6.64750000000000e-07;2.38648947951274e+00
6.66225000000000e-07;2.22978959025471e+00
6.67700000000000e-07;2.11240310077520e+00
6.69175000000000e-07;2.04651162790698e+00
6.70650000000000e-07;2.00553709856035e+00
6.72125000000000e-07;2.03377630121816e+00
6.73600000000000e-07;2.03599114064230e+00
6.75075000000000e-07;2.02990033222591e+00
6.76550000000000e-07;2.00609080841639e+00
6.78025000000000e-07;1.99086378737542e+00
6.79500000000000e-07;1.97342192691030e+00
6.80975000000000e-07;1.95376522702104e+00
