3.72700000000000e-07;2.96969696969697e+00
3.74175000000000e-07;2.85795454545454e+00
3.75650000000000e-07;2.78165584415584e+00
3.77125000000000e-07;2.74080086580087e+00
3.78600000000000e-07;2.73106060606061e+00
3.80075000000000e-07;2.73430735930736e+00
3.81550000000000e-07;2.81764069264069e+00
3.83025000000000e-07;2.89935064935065e+00
3.84500000000000e-07;2.98051948051948e+00
3.85975000000000e-07;3.04220779220779e+00
3.87450000000000e-07;3.07900432900433e+00
3.88925000000000e-07;3.05627705627706e+00
3.90400000000000e-07;3.04761904761905e+00
3.91875000000000e-07;3.01515151515152e+00
3.93350000000000e-07;3.08116883116883e+00
3.94825000000000e-07;3.19155844155844e+00
3.96300000000000e-07;3.29274891774892e+00
3.97775000000000e-07;3.35876623376624e+00
3.99250000000000e-07;3.35930735930736e+00
4.00725000000000e-07;3.30681818181818e+00
4.02200000000000e-07;3.31493506493507e+00
4.03675000000000e-07;3.32683982683983e+00
4.05150000000000e-07;3.39123376623377e+00
4.06625000000000e-07;3.44805194805195e+00
4.08100000000000e-07;3.56006493506494e+00
4.09575000000000e-07;3.68777056277056e+00
4.11050000000000e-07;3.80411255411256e+00
4.12525000000000e-07;3.86471861471862e+00
4.14000000000000e-07;4.01352813852814e+00
4.15475000000000e-07;4.10010822510823e+00
4.16950000000000e-07;4.27164502164502e+00
4.18425000000000e-07;4.66666666666667e+00
4.19900000000000e-07;5.46807359307360e+00
4.21375000000000e-07;6.54058441558442e+00
4.22850000000000e-07;7.72564935064935e+00
4.24325000000000e-07;9.01948051948053e+00
4.25800000000000e-07;1.10211038961039e+01
4.27275000000000e-07;1.36282467532468e+01
4.28750000000000e-07;1.71883116883117e+01
4.30225000000000e-07;2.13658008658009e+01
4.31700000000000e-07;2.58474025974026e+01
4.33175000000000e-07;3.06542207792208e+01
4.34650000000000e-07;3.68533549783550e+01
4.36125000000000e-07;4.41011904761905e+01
4.37600000000000e-07;5.26493506493507e+01
4.39075000000000e-07;6.18257575757576e+01
4.40550000000000e-07;6.97808441558442e+01
4.42025000000000e-07;7.51260822510823e+01
4.43500000000000e-07;7.83365800865801e+01
4.44975000000000e-07;7.99713203463204e+01
4.46450000000000e-07;8.17056277056278e+01
4.47925000000000e-07;8.47732683982684e+01
4.49400000000000e-07;8.89085497835499e+01
4.50875000000000e-07;9.35914502164503e+01
4.52350000000000e-07;9.86553030303031e+01
4.53825000000000e-07;1.03296536796537e+02
4.55300000000000e-07;1.07306277056277e+02
4.56775000000000e-07;1.10691558441559e+02
4.58250000000000e-07;1.13683982683983e+02
4.59725000000000e-07;1.16408008658009e+02
4.61200000000000e-07;1.18915584415584e+02
4.62675000000000e-07;1.20790584415585e+02
4.64150000000000e-07;1.21773268398268e+02
4.65625000000000e-07;1.21903679653680e+02
4.67100000000000e-07;1.21874458874459e+02
4.68575000000000e-07;1.21753246753247e+02
4.70050000000000e-07;1.21457792207792e+02
4.71525000000000e-07;1.21031926406927e+02
4.73000000000000e-07;1.20311147186147e+02
4.74475000000000e-07;1.19445346320346e+02
4.75950000000000e-07;1.18406385281385e+02
4.77425000000000e-07;1.17046536796537e+02
4.78900000000000e-07;1.15437770562771e+02
4.80375000000000e-07;1.13823593073593e+02
4.81850000000000e-07;1.12217532467533e+02
4.83325000000000e-07;1.10486471861472e+02
4.84800000000000e-07;1.07878787878788e+02
4.86275000000000e-07;1.04242965367965e+02
4.87750000000000e-07;1.00075216450217e+02
4.89225000000000e-07;9.59182900432902e+01
4.90700000000000e-07;9.24610389610390e+01
4.92175000000000e-07;9.01791125541126e+01
4.93650000000000e-07;8.95189393939395e+01
4.95125000000000e-07;8.95286796536797e+01
4.96600000000000e-07;9.28371212121213e+01
4.98075000000000e-07;9.81677489177490e+01
4.99550000000000e-07;1.04646103896104e+02
5.01025000000000e-07;1.11472943722944e+02
5.02500000000000e-07;1.18056818181818e+02
5.03975000000000e-07;1.23284090909091e+02
5.05450000000000e-07;1.30573051948052e+02
5.06925000000000e-07;1.38864718614719e+02
5.08400000000000e-07;1.47529761904762e+02
5.09875000000000e-07;1.56292748917749e+02
5.11350000000000e-07;1.64970238095238e+02
5.12825000000000e-07;1.71575757575758e+02
5.14300000000000e-07;1.76021103896104e+02
5.15775000000000e-07;1.77942640692641e+02
5.17250000000000e-07;1.77577380952381e+02
5.18725000000000e-07;1.76037878787879e+02
5.20200000000000e-07;1.75010281385282e+02
5.21675000000000e-07;1.73764610389611e+02
5.23150000000000e-07;1.72287878787879e+02
5.24625000000000e-07;1.70419913419914e+02
5.26100000000000e-07;1.68190476190476e+02
5.27575000000000e-07;1.65681818181818e+02
5.29050000000000e-07;1.63528679653680e+02
5.30525000000000e-07;1.61774891774892e+02
5.32000000000000e-07;1.60645562770563e+02
5.33475000000000e-07;1.59224025974026e+02
5.34950000000000e-07;1.56262987012987e+02
5.36425000000000e-07;1.51418831168831e+02
5.37900000000000e-07;1.45109848484849e+02
5.39375000000000e-07;1.38149891774892e+02
5.40850000000000e-07;1.31660173160173e+02
5.42325000000000e-07;1.25776515151515e+02
5.43800000000000e-07;1.20071428571429e+02
5.45275000000000e-07;1.14201298701299e+02
5.46750000000000e-07;1.08179112554113e+02
5.48225000000000e-07;1.01614718614719e+02
5.49700000000000e-07;9.50703463203464e+01
5.51175000000000e-07;8.88160173160174e+01
5.52650000000000e-07;8.29231601731602e+01
5.54125000000000e-07;7.70070346320347e+01
5.55600000000000e-07;7.03414502164502e+01
5.57075000000000e-07;6.30081168831169e+01
5.58550000000000e-07;5.59518398268399e+01
5.60025000000000e-07;4.98906926406927e+01
5.61500000000000e-07;4.50313852813853e+01
5.62975000000000e-07;4.10779220779221e+01
5.64450000000000e-07;3.72516233766234e+01
5.65925000000000e-07;3.36185064935065e+01
5.67400000000000e-07;3.00454545454546e+01
5.68875000000000e-07;2.70140692640693e+01
5.70350000000000e-07;2.40584415584416e+01
5.71825000000000e-07;2.14778138528139e+01
5.73300000000000e-07;1.92808441558442e+01
5.74775000000000e-07;1.73538961038961e+01
5.76250000000000e-07;1.57283549783550e+01
5.77725000000000e-07;1.45476190476191e+01
5.79200000000000e-07;1.32413419913420e+01
5.80675000000000e-07;1.22386363636364e+01
5.82150000000000e-07;1.09372294372294e+01
5.83625000000000e-07;9.60551948051949e+00
5.85100000000000e-07;8.42694805194806e+00
5.86575000000000e-07;7.48051948051949e+00
5.88050000000000e-07;6.77813852813853e+00
5.89525000000000e-07;6.45562770562772e+00
5.91000000000000e-07;6.08603896103897e+00
5.92475000000000e-07;5.91125541125541e+00
5.93950000000000e-07;5.79707792207793e+00
5.95425000000000e-07;5.76515151515152e+00
5.96900000000000e-07;5.87175324675325e+00
5.98375000000000e-07;6.05465367965369e+00
5.99850000000000e-07;6.28625541125541e+00
6.01325000000000e-07;6.85660173160174e+00
6.02800000000000e-07;7.99891774891776e+00
6.04275000000000e-07;9.21212121212122e+00
6.05750000000000e-07;1.19269480519481e+01
6.07225000000000e-07;1.55844155844156e+01
6.08700000000000e-07;2.02234848484849e+01
6.10175000000000e-07;2.62056277056277e+01
6.11650000000000e-07;3.32110389610390e+01
6.13125000000000e-07;3.98787878787879e+01
6.14600000000000e-07;4.75037878787879e+01
6.16075000000000e-07;5.40681818181818e+01
6.17550000000000e-07;6.05984848484849e+01
6.19025000000000e-07;6.65005411255412e+01
6.20500000000000e-07;7.16352813852815e+01
6.21975000000000e-07;7.57738095238096e+01
6.23450000000000e-07;7.91677489177490e+01
6.24925000000000e-07;8.09637445887447e+01
6.26400000000000e-07;8.24512987012988e+01
6.27875000000000e-07;8.31872294372295e+01
6.29350000000000e-07;8.35741341991343e+01
6.30825000000000e-07;8.36179653679655e+01
6.32300000000000e-07;8.32532467532468e+01
6.33775000000000e-07;8.26866883116884e+01
6.35250000000000e-07;8.28127705627706e+01
6.36725000000000e-07;8.39691558441560e+01
6.38200000000000e-07;8.40346320346321e+01
6.39675000000000e-07;8.13874458874459e+01
6.41150000000000e-07;7.43593073593074e+01
6.42625000000000e-07;6.39751082251083e+01
6.44100000000000e-07;5.19918831168831e+01
6.45575000000000e-07;4.05313852813853e+01
6.47050000000000e-07;3.03993506493507e+01
6.48525000000000e-07;2.23106060606061e+01
6.50000000000000e-07;1.57418831168831e+01
6.51475000000000e-07;1.14983766233766e+01
6.52950000000000e-07;8.30790043290044e+00
6.54425000000000e-07;6.06222943722944e+00
6.55900000000000e-07;4.76623376623377e+00
6.57375000000000e-07;3.95508658008658e+00
6.58850000000000e-07;3.42640692640693e+00
6.60325000000000e-07;3.25378787878788e+00
6.61800000000000e-07;2.93181818181818e+00
6.63275000000000e-07;2.73647186147186e+00
6.64750000000000e-07;2.53787878787879e+00
6.66225000000000e-07;2.35930735930736e+00
6.67700000000000e-07;2.21969696969697e+00
6.69175000000000e-07;2.09740259740260e+00
6.70650000000000e-07;2.03030303030303e+00
6.72125000000000e-07;2.05086580086580e+00
6.73600000000000e-07;2.03463203463203e+00
6.75075000000000e-07;2.02272727272727e+00
6.76550000000000e-07;2.02813852813853e+00
6.78025000000000e-07;2.03409090909091e+00
6.79500000000000e-07;2.04464285714286e+00
6.80975000000000e-07;2.05979437229437e+00
