3.72700000000000e-07;3.17559523809524e+00
3.74175000000000e-07;3.09821428571429e+00
3.75650000000000e-07;3.03571428571429e+00
3.77125000000000e-07;2.98809523809524e+00
3.78600000000000e-07;2.99404761904762e+00
3.80075000000000e-07;2.92261904761905e+00
3.81550000000000e-07;2.93452380952381e+00
3.83025000000000e-07;3.00595238095238e+00
3.84500000000000e-07;3.11309523809524e+00
3.85975000000000e-07;3.23214285714286e+00
3.87450000000000e-07;3.28571428571429e+00
3.88925000000000e-07;3.25000000000000e+00
3.90400000000000e-07;3.25000000000000e+00
3.91875000000000e-07;3.23809523809524e+00
3.93350000000000e-07;3.25595238095238e+00
3.94825000000000e-07;3.29166666666667e+00
3.96300000000000e-07;3.33333333333334e+00
3.97775000000000e-07;3.36904761904762e+00
3.99250000000000e-07;3.38690476190476e+00
4.00725000000000e-07;3.37500000000000e+00
4.02200000000000e-07;3.37500000000000e+00
4.03675000000000e-07;3.29166666666667e+00
4.05150000000000e-07;3.45238095238096e+00
4.06625000000000e-07;3.66071428571429e+00
4.08100000000000e-07;3.82738095238095e+00
4.09575000000000e-07;3.91666666666667e+00
4.11050000000000e-07;3.86904761904762e+00
4.12525000000000e-07;3.68452380952381e+00
4.14000000000000e-07;3.82142857142857e+00
4.15475000000000e-07;4.02380952380953e+00
4.16950000000000e-07;4.32142857142857e+00
4.18425000000000e-07;4.84523809523810e+00
4.19900000000000e-07;5.70833333333334e+00
4.21375000000000e-07;6.67857142857143e+00
4.22850000000000e-07;7.67857142857143e+00
4.24325000000000e-07;8.79761904761905e+00
4.25800000000000e-07;1.05773809523810e+01
4.27275000000000e-07;1.31547619047619e+01
4.28750000000000e-07;1.66785714285714e+01
4.30225000000000e-07;2.06964285714286e+01
4.31700000000000e-07;2.53928571428572e+01
4.33175000000000e-07;3.07380952380953e+01
4.34650000000000e-07;3.69821428571429e+01
4.36125000000000e-07;4.37500000000000e+01
4.37600000000000e-07;5.16607142857143e+01
4.39075000000000e-07;6.01428571428572e+01
4.40550000000000e-07;6.86130952380953e+01
4.42025000000000e-07;7.50416666666667e+01
4.43500000000000e-07;7.88630952380953e+01
4.44975000000000e-07;8.05952380952382e+01
4.46450000000000e-07;8.20714285714286e+01
4.47925000000000e-07;8.39702380952382e+01
4.49400000000000e-07;8.72321428571429e+01
4.50875000000000e-07;9.11250000000001e+01
4.52350000000000e-07;9.58809523809525e+01
4.53825000000000e-07;1.01125000000000e+02
4.55300000000000e-07;1.06148809523810e+02
4.56775000000000e-07;1.10291666666667e+02
4.58250000000000e-07;1.13750000000000e+02
4.59725000000000e-07;1.16565476190476e+02
4.61200000000000e-07;1.18898809523810e+02
4.62675000000000e-07;1.20404761904762e+02
4.64150000000000e-07;1.20892857142857e+02
4.65625000000000e-07;1.20690476190476e+02
4.67100000000000e-07;1.21017857142857e+02
4.68575000000000e-07;1.21595238095238e+02
4.70050000000000e-07;1.21851190476191e+02
4.71525000000000e-07;1.21571428571429e+02
4.73000000000000e-07;1.20642857142857e+02
4.74475000000000e-07;1.19267857142857e+02
4.75950000000000e-07;1.18178571428572e+02
4.77425000000000e-07;1.17107142857143e+02
4.78900000000000e-07;1.15690476190476e+02
4.80375000000000e-07;1.13982142857143e+02
4.81850000000000e-07;1.12172619047619e+02
4.83325000000000e-07;1.09726190476191e+02
4.84800000000000e-07;1.06369047619048e+02
4.86275000000000e-07;1.02184523809524e+02
4.87750000000000e-07;9.79404761904763e+01
4.89225000000000e-07;9.38392857142858e+01
4.90700000000000e-07;9.07500000000001e+01
4.92175000000000e-07;8.90773809523810e+01
4.93650000000000e-07;8.91250000000001e+01
4.95125000000000e-07;8.94940476190477e+01
4.96600000000000e-07;9.27916666666667e+01
4.98075000000000e-07;9.83154761904763e+01
4.99550000000000e-07;1.04101190476191e+02
5.01025000000000e-07;1.10202380952381e+02
5.02500000000000e-07;1.16303571428572e+02
5.03975000000000e-07;1.20910714285714e+02
5.05450000000000e-07;1.27000000000000e+02
5.06925000000000e-07;1.35386904761905e+02
5.08400000000000e-07;1.44708333333333e+02
5.09875000000000e-07;1.53672619047619e+02
5.11350000000000e-07;1.63517857142857e+02
5.12825000000000e-07;1.70720238095238e+02
5.14300000000000e-07;1.74339285714286e+02
5.15775000000000e-07;1.75690476190476e+02
5.17250000000000e-07;1.76029761904762e+02
5.18725000000000e-07;1.74827380952381e+02
5.20200000000000e-07;1.74922619047619e+02
5.21675000000000e-07;1.74226190476191e+02
5.23150000000000e-07;1.72738095238095e+02
5.24625000000000e-07;1.70880952380953e+02
5.26100000000000e-07;1.68875000000000e+02
5.27575000000000e-07;1.66523809523810e+02
5.29050000000000e-07;1.64315476190476e+02
5.30525000000000e-07;1.62178571428572e+02
5.32000000000000e-07;1.60523809523810e+02
5.33475000000000e-07;1.58428571428572e+02
5.34950000000000e-07;1.55428571428572e+02
5.36425000000000e-07;1.51005952380952e+02
5.37900000000000e-07;1.45339285714286e+02
5.39375000000000e-07;1.38363095238095e+02
5.40850000000000e-07;1.31071428571429e+02
5.42325000000000e-07;1.24267857142857e+02
5.43800000000000e-07;1.18357142857143e+02
5.45275000000000e-07;1.13404761904762e+02
5.46750000000000e-07;1.08119047619048e+02
5.48225000000000e-07;1.01785714285714e+02
5.49700000000000e-07;9.52797619047620e+01
5.51175000000000e-07;8.86904761904763e+01
5.52650000000000e-07;8.17619047619048e+01
5.54125000000000e-07;7.54583333333334e+01
5.55600000000000e-07;6.82619047619048e+01
5.57075000000000e-07;6.13452380952381e+01
5.58550000000000e-07;5.50654761904762e+01
5.60025000000000e-07;4.94642857142858e+01
5.61500000000000e-07;4.42797619047619e+01
5.62975000000000e-07;3.97261904761905e+01
5.64450000000000e-07;3.53869047619048e+01
5.65925000000000e-07;3.19583333333334e+01
5.67400000000000e-07;2.88333333333334e+01
5.68875000000000e-07;2.62857142857143e+01
5.70350000000000e-07;2.35476190476191e+01
5.71825000000000e-07;2.08095238095238e+01
5.73300000000000e-07;1.85535714285714e+01
5.74775000000000e-07;1.66011904761905e+01
5.76250000000000e-07;1.51666666666667e+01
5.77725000000000e-07;1.42142857142857e+01
5.79200000000000e-07;1.31130952380952e+01
5.80675000000000e-07;1.21726190476191e+01
5.82150000000000e-07;1.09702380952381e+01
5.83625000000000e-07;9.53571428571429e+00
5.85100000000000e-07;8.23214285714286e+00
5.86575000000000e-07;7.30357142857143e+00
5.88050000000000e-07;6.66666666666667e+00
5.89525000000000e-07;6.57738095238096e+00
5.91000000000000e-07;6.30357142857143e+00
5.92475000000000e-07;6.02380952380953e+00
5.93950000000000e-07;5.78571428571429e+00
5.95425000000000e-07;5.71428571428572e+00
5.96900000000000e-07;5.83333333333334e+00
5.98375000000000e-07;6.13095238095238e+00
5.99850000000000e-07;6.24404761904762e+00
6.01325000000000e-07;6.40476190476191e+00
6.02800000000000e-07;7.14880952380953e+00
6.04275000000000e-07;8.20833333333334e+00
6.05750000000000e-07;1.09226190476191e+01
6.07225000000000e-07;1.44642857142857e+01
6.08700000000000e-07;1.88452380952381e+01
6.10175000000000e-07;2.47500000000000e+01
6.11650000000000e-07;3.20119047619048e+01
6.13125000000000e-07;3.91011904761905e+01
6.14600000000000e-07;4.65833333333334e+01
6.16075000000000e-07;5.27142857142858e+01
6.17550000000000e-07;5.90833333333334e+01
6.19025000000000e-07;6.53392857142858e+01
6.20500000000000e-07;7.09047619047620e+01
6.21975000000000e-07;7.52261904761905e+01
6.23450000000000e-07;7.84285714285715e+01
6.24925000000000e-07;8.03333333333334e+01
6.26400000000000e-07;8.22797619047620e+01
6.27875000000000e-07;8.33095238095239e+01
6.29350000000000e-07;8.38035714285715e+01
6.30825000000000e-07;8.36964285714286e+01
6.32300000000000e-07;8.31666666666667e+01
6.33775000000000e-07;8.25178571428572e+01
6.35250000000000e-07;8.26369047619048e+01
6.36725000000000e-07;8.36369047619048e+01
6.38200000000000e-07;8.36964285714286e+01
6.39675000000000e-07;8.10773809523810e+01
6.41150000000000e-07;7.42500000000001e+01
6.42625000000000e-07;6.43928571428572e+01
6.44100000000000e-07;5.32797619047619e+01
6.45575000000000e-07;4.21726190476191e+01
6.47050000000000e-07;3.16071428571429e+01
6.48525000000000e-07;2.25416666666667e+01
6.50000000000000e-07;1.52023809523810e+01
6.51475000000000e-07;1.06190476190476e+01
6.52950000000000e-07;7.79166666666667e+00
6.54425000000000e-07;5.98214285714286e+00
6.55900000000000e-07;4.90476190476191e+00
6.57375000000000e-07;4.08333333333334e+00
6.58850000000000e-07;3.57142857142857e+00
6.60325000000000e-07;3.29166666666667e+00
6.61800000000000e-07;2.97023809523810e+00
6.63275000000000e-07;2.95833333333334e+00
6.64750000000000e-07;2.80952380952381e+00
6.66225000000000e-07;2.57738095238095e+00
6.67700000000000e-07;2.30952380952381e+00
6.69175000000000e-07;2.07142857142857e+00
6.70650000000000e-07;1.90476190476191e+00
6.72125000000000e-07;2.00000000000000e+00
6.73600000000000e-07;2.00000000000000e+00
6.75075000000000e-07;2.00000000000000e+00
6.76550000000000e-07;2.00000000000000e+00
6.78025000000000e-07;2.00000000000000e+00
6.79500000000000e-07;2.00000000000000e+00
6.80975000000000e-07;2.00000000000000e+00
