3.72700000000000e-07;2.54479949874687e+00
3.74175000000000e-07;2.56296992481203e+00
3.75650000000000e-07;2.57330827067669e+00
3.77125000000000e-07;2.57581453634085e+00
3.78600000000000e-07;2.56516290726817e+00
3.80075000000000e-07;2.51629072681704e+00
3.81550000000000e-07;2.55576441102757e+00
3.83025000000000e-07;2.64661654135338e+00
3.84500000000000e-07;2.75814536340852e+00
3.85975000000000e-07;2.85150375939850e+00
3.87450000000000e-07;2.89849624060151e+00
3.88925000000000e-07;2.87531328320802e+00
3.90400000000000e-07;2.88596491228070e+00
3.91875000000000e-07;2.86967418546366e+00
3.93350000000000e-07;2.90852130325814e+00
3.94825000000000e-07;2.97681704260652e+00
3.96300000000000e-07;3.04385964912281e+00
3.97775000000000e-07;3.08646616541354e+00
3.99250000000000e-07;3.09085213032582e+00
4.00725000000000e-07;3.05576441102757e+00
4.02200000000000e-07;3.06766917293233e+00
4.03675000000000e-07;3.06140350877193e+00
4.05150000000000e-07;3.19423558897243e+00
4.06625000000000e-07;3.32518796992482e+00
4.08100000000000e-07;3.47493734335840e+00
4.09575000000000e-07;3.61027568922306e+00
4.11050000000000e-07;3.71741854636592e+00
4.12525000000000e-07;3.75689223057644e+00
4.14000000000000e-07;3.90100250626567e+00
4.15475000000000e-07;3.96177944862155e+00
4.16950000000000e-07;4.14097744360902e+00
4.18425000000000e-07;4.54135338345865e+00
4.19900000000000e-07;5.31954887218046e+00
4.21375000000000e-07;6.36654135338346e+00
4.22850000000000e-07;7.51817042606517e+00
4.24325000000000e-07;8.88471177944863e+00
4.25800000000000e-07;1.10632832080201e+01
4.27275000000000e-07;1.39185463659148e+01
4.28750000000000e-07;1.75701754385965e+01
4.30225000000000e-07;2.17794486215539e+01
4.31700000000000e-07;2.63095238095238e+01
4.33175000000000e-07;3.11710526315790e+01
4.34650000000000e-07;3.74110275689223e+01
4.36125000000000e-07;4.48320802005013e+01
4.37600000000000e-07;5.33634085213033e+01
4.39075000000000e-07;6.26484962406016e+01
4.40550000000000e-07;7.04686716791981e+01
4.42025000000000e-07;7.56033834586467e+01
4.43500000000000e-07;7.86359649122807e+01
4.44975000000000e-07;8.02593984962406e+01
4.46450000000000e-07;8.19398496240602e+01
4.47925000000000e-07;8.50513784461154e+01
4.49400000000000e-07;8.91033834586467e+01
4.50875000000000e-07;9.37882205513785e+01
4.52350000000000e-07;9.91184210526316e+01
4.53825000000000e-07;1.04162280701754e+02
4.55300000000000e-07;1.08498120300752e+02
4.56775000000000e-07;1.12002506265664e+02
4.58250000000000e-07;1.14922305764411e+02
4.59725000000000e-07;1.17386591478697e+02
4.61200000000000e-07;1.19700501253133e+02
4.62675000000000e-07;1.21469924812030e+02
4.64150000000000e-07;1.22416666666667e+02
4.65625000000000e-07;1.22570802005013e+02
4.67100000000000e-07;1.22639097744361e+02
4.68575000000000e-07;1.22750626566416e+02
4.70050000000000e-07;1.22627192982456e+02
4.71525000000000e-07;1.22199248120301e+02
4.73000000000000e-07;1.21219298245614e+02
4.74475000000000e-07;1.20068922305764e+02
4.75950000000000e-07;1.18896616541353e+02
4.77425000000000e-07;1.17595864661654e+02
4.78900000000000e-07;1.16058897243108e+02
4.80375000000000e-07;1.14424812030075e+02
4.81850000000000e-07;1.12677944862155e+02
4.83325000000000e-07;1.10917919799499e+02
4.84800000000000e-07;1.08354636591479e+02
4.86275000000000e-07;1.04614035087719e+02
4.87750000000000e-07;1.00475563909774e+02
4.89225000000000e-07;9.65137844611529e+01
4.90700000000000e-07;9.33063909774437e+01
4.92175000000000e-07;9.13045112781956e+01
4.93650000000000e-07;9.08577694235590e+01
4.95125000000000e-07;9.11058897243108e+01
4.96600000000000e-07;9.43922305764412e+01
4.98075000000000e-07;9.96134085213034e+01
4.99550000000000e-07;1.06033208020050e+02
5.01025000000000e-07;1.12798872180451e+02
5.02500000000000e-07;1.19432957393484e+02
5.03975000000000e-07;1.24967418546366e+02
5.05450000000000e-07;1.32000000000000e+02
5.06925000000000e-07;1.39840852130326e+02
5.08400000000000e-07;1.48305137844612e+02
5.09875000000000e-07;1.57296365914787e+02
5.11350000000000e-07;1.66354010025063e+02
5.12825000000000e-07;1.73216791979950e+02
5.14300000000000e-07;1.77399749373434e+02
5.15775000000000e-07;1.78630325814537e+02
5.17250000000000e-07;1.77647869674186e+02
5.18725000000000e-07;1.75864035087719e+02
5.20200000000000e-07;1.74768170426065e+02
5.21675000000000e-07;1.73614661654135e+02
5.23150000000000e-07;1.72227443609023e+02
5.24625000000000e-07;1.70580827067669e+02
5.26100000000000e-07;1.68498746867168e+02
5.27575000000000e-07;1.66036340852130e+02
5.29050000000000e-07;1.63802631578947e+02
5.30525000000000e-07;1.61785087719298e+02
5.32000000000000e-07;1.60408521303258e+02
5.33475000000000e-07;1.59392230576441e+02
5.34950000000000e-07;1.56942982456140e+02
5.36425000000000e-07;1.52610275689223e+02
5.37900000000000e-07;1.46673558897243e+02
5.39375000000000e-07;1.39754385964912e+02
5.40850000000000e-07;1.33015664160401e+02
5.42325000000000e-07;1.26973057644110e+02
5.43800000000000e-07;1.21043859649123e+02
5.45275000000000e-07;1.15013784461153e+02
5.46750000000000e-07;1.08828320802005e+02
5.48225000000000e-07;1.02352130325815e+02
5.49700000000000e-07;9.60482456140352e+01
5.51175000000000e-07;9.00407268170426e+01
5.52650000000000e-07;8.42349624060151e+01
5.54125000000000e-07;7.81560150375940e+01
5.55600000000000e-07;7.11441102756893e+01
5.57075000000000e-07;6.35432330827068e+01
5.58550000000000e-07;5.64436090225565e+01
5.60025000000000e-07;5.04454887218046e+01
5.61500000000000e-07;4.54987468671680e+01
5.62975000000000e-07;4.12944862155389e+01
5.64450000000000e-07;3.73408521303258e+01
5.65925000000000e-07;3.36798245614035e+01
5.67400000000000e-07;3.01804511278196e+01
5.68875000000000e-07;2.71259398496241e+01
5.70350000000000e-07;2.40946115288221e+01
5.71825000000000e-07;2.13239348370927e+01
5.73300000000000e-07;1.89830827067669e+01
5.74775000000000e-07;1.70244360902256e+01
5.76250000000000e-07;1.53627819548872e+01
5.77725000000000e-07;1.41403508771930e+01
5.79200000000000e-07;1.29241854636592e+01
5.80675000000000e-07;1.20275689223058e+01
5.82150000000000e-07;1.07944862155389e+01
5.83625000000000e-07;9.51253132832081e+00
5.85100000000000e-07;8.33333333333334e+00
5.86575000000000e-07;7.39411027568923e+00
5.88050000000000e-07;6.70300751879700e+00
5.89525000000000e-07;6.41729323308271e+00
5.91000000000000e-07;6.02944862155389e+00
5.92475000000000e-07;5.83145363408522e+00
5.93950000000000e-07;5.64285714285715e+00
5.95425000000000e-07;5.52318295739349e+00
5.96900000000000e-07;5.51065162907269e+00
5.98375000000000e-07;5.64661654135339e+00
5.99850000000000e-07;5.95551378446116e+00
6.01325000000000e-07;6.66604010025063e+00
6.02800000000000e-07;8.01190476190477e+00
6.04275000000000e-07;9.38972431077695e+00
6.05750000000000e-07;1.23032581453634e+01
6.07225000000000e-07;1.61372180451128e+01
6.08700000000000e-07;2.09248120300752e+01
6.10175000000000e-07;2.70620300751880e+01
6.11650000000000e-07;3.43176691729323e+01
6.13125000000000e-07;4.10921052631579e+01
6.14600000000000e-07;4.89085213032582e+01
6.16075000000000e-07;5.57568922305765e+01
6.17550000000000e-07;6.23051378446116e+01
6.19025000000000e-07;6.81723057644111e+01
6.20500000000000e-07;7.32832080200501e+01
6.21975000000000e-07;7.71873433583960e+01
6.23450000000000e-07;8.02456140350878e+01
6.24925000000000e-07;8.17174185463660e+01
6.26400000000000e-07;8.26973684210527e+01
6.27875000000000e-07;8.31077694235589e+01
6.29350000000000e-07;8.34624060150377e+01
6.30825000000000e-07;8.36184210526317e+01
6.32300000000000e-07;8.34360902255639e+01
6.33775000000000e-07;8.29223057644111e+01
6.35250000000000e-07;8.28753132832081e+01
6.36725000000000e-07;8.38778195488723e+01
6.38200000000000e-07;8.41152882205515e+01
6.39675000000000e-07;8.17061403508772e+01
6.41150000000000e-07;7.51134085213033e+01
6.42625000000000e-07;6.52725563909775e+01
6.44100000000000e-07;5.33395989974938e+01
6.45575000000000e-07;4.15664160401003e+01
6.47050000000000e-07;3.10708020050126e+01
6.48525000000000e-07;2.23345864661654e+01
6.50000000000000e-07;1.53170426065163e+01
6.51475000000000e-07;1.10889724310777e+01
6.52950000000000e-07;7.90914786967419e+00
6.54425000000000e-07;5.68796992481203e+00
6.55900000000000e-07;4.48684210526316e+00
6.57375000000000e-07;3.66917293233083e+00
6.58850000000000e-07;3.17042606516291e+00
6.60325000000000e-07;3.12593984962406e+00
6.61800000000000e-07;2.82706766917293e+00
6.63275000000000e-07;2.57330827067669e+00
6.64750000000000e-07;2.35463659147870e+00
6.66225000000000e-07;2.15852130325815e+00
6.67700000000000e-07;2.05137844611529e+00
6.69175000000000e-07;2.01817042606516e+00
6.70650000000000e-07;1.99812030075188e+00
6.72125000000000e-07;2.02631578947368e+00
6.73600000000000e-07;2.03132832080201e+00
6.75075000000000e-07;2.01065162907268e+00
6.76550000000000e-07;2.00187969924812e+00
6.78025000000000e-07;1.99342105263158e+00
6.79500000000000e-07;1.98590225563910e+00
6.80975000000000e-07;1.97932330827068e+00
